mlbam_id,prev_yearID,yearID,key_bbref,birth_year,HR.x,BB.x,HBP.x,SO.x,IPouts.x,FIP.x,Change.x,Fourseam.x,Slider.x,Curve.x,Sinker.x,Split.x,Cutter.x,Knuckler.x,Slow.Curve.x,Screwball.x,Fourseam.bway.x,Change.bway.x,Slider.bway.x,Sinker.bway.x,Curve.bway.x,Split.bway.x,Cutter.bway.x,Knuckler.bway.x,Slow.Curve.bway.x,Screwball.bway.x,Fourseam.vloc.x,Change.vloc.x,Slider.vloc.x,Sinker.vloc.x,Curve.vloc.x,Split.vloc.x,Cutter.vloc.x,Knuckler.vloc.x,Slow.Curve.vloc.x,Screwball.vloc.x,Fourseam.hloc.x,Change.hloc.x,Slider.hloc.x,Sinker.hloc.x,Curve.hloc.x,Split.hloc.x,Cutter.hloc.x,Knuckler.hloc.x,Slow.Curve.hloc.x,Screwball.hloc.x,Fourseam.pfx_z.x,Change.pfx_z.x,Slider.pfx_z.x,Sinker.pfx_z.x,Curve.pfx_z.x,Split.pfx_z.x,Cutter.pfx_z.x,Knuckler.pfx_z.x,Slow.Curve.pfx_z.x,Screwball.pfx_z.x,Fourseam.pfx_x.x,Change.pfx_x.x,Slider.pfx_x.x,Sinker.pfx_x.x,Curve.pfx_x.x,Split.pfx_x.x,Cutter.pfx_x.x,Knuckler.pfx_x.x,Slow.Curve.pfx_x.x,Screwball.pfx_x.x,Fourseam.maxmph.x,Change.maxmph.x,Slider.maxmph.x,Sinker.maxmph.x,Curve.maxmph.x,Split.maxmph.x,Cutter.maxmph.x,Knuckler.maxmph.x,Slow.Curve.maxmph.x,Screwball.maxmph.x,Fourseam.mph.x,Change.mph.x,Slider.mph.x,Sinker.mph.x,Curve.mph.x,Split.mph.x,Cutter.mph.x,Knuckler.mph.x,Slow.Curve.mph.x,Screwball.mph.x,HR.y,BB.y,HBP.y,SO.y,IPouts.y,FIP.y,Change.y,Fourseam.y,Slider.y,Curve.y,Sinker.y,Split.y,Cutter.y,Knuckler.y,Slow.Curve.y,Screwball.y,Fourseam.bway.y,Change.bway.y,Slider.bway.y,Sinker.bway.y,Curve.bway.y,Split.bway.y,Cutter.bway.y,Knuckler.bway.y,Slow.Curve.bway.y,Screwball.bway.y,Fourseam.vloc.y,Change.vloc.y,Slider.vloc.y,Sinker.vloc.y,Curve.vloc.y,Split.vloc.y,Cutter.vloc.y,Knuckler.vloc.y,Slow.Curve.vloc.y,Screwball.vloc.y,Fourseam.hloc.y,Change.hloc.y,Slider.hloc.y,Sinker.hloc.y,Curve.hloc.y,Split.hloc.y,Cutter.hloc.y,Knuckler.hloc.y,Slow.Curve.hloc.y,Screwball.hloc.y,Fourseam.pfx_z.y,Change.pfx_z.y,Slider.pfx_z.y,Sinker.pfx_z.y,Curve.pfx_z.y,Split.pfx_z.y,Cutter.pfx_z.y,Knuckler.pfx_z.y,Slow.Curve.pfx_z.y,Screwball.pfx_z.y,Fourseam.pfx_x.y,Change.pfx_x.y,Slider.pfx_x.y,Sinker.pfx_x.y,Curve.pfx_x.y,Split.pfx_x.y,Cutter.pfx_x.y,Knuckler.pfx_x.y,Slow.Curve.pfx_x.y,Screwball.pfx_x.y,Fourseam.maxmph.y,Change.maxmph.y,Slider.maxmph.y,Sinker.maxmph.y,Curve.maxmph.y,Split.maxmph.y,Cutter.maxmph.y,Knuckler.maxmph.y,Slow.Curve.maxmph.y,Screwball.maxmph.y,Fourseam.mph.y,Change.mph.y,Slider.mph.y,Sinker.mph.y,Curve.mph.y,Split.mph.y,Cutter.mph.y,Knuckler.mph.y,Slow.Curve.mph.y,Screwball.mph.y
150035,2010,2011,farnsky01,1976,5,12,3,51,173,3.16372832369942,0,193,174,0,325,0,185,0,0,0,4.15,0,6.9,6.46,0,0,8.65,0,0,0,0.26,0,-0.6,-0.44,0,0,-0.35,0,0,0,0.46,0,0.31,0.28,0,0,0.39,0,0,0,8.79,0,0.21,5.83,0,0,3.81,0,0,0,-7.01,0,2.84,-9.24,0,0,1.39,0,0,0,100.22,0,90.7,100.36,0,0,93.53,0,0,0,96.73,0,87.14,94.12,0,0,90.42,0,0,0,4,19,4,61,194,3.06353608247423,9,316,143,0,483,0,248,0,0,0,8.54,0,8.39,5.59,0,0,7.26,0,0,0,0.12,-0.66,-0.69,-0.36,0,0,-0.45,0,0,0,0.48,0.96,0.31,0.39,0,0,0.17,0,0,0,9.32,6.79,-0.55,6.07,0,0,3.6,0,0,0,-6.86,-6.54,3.53,-9.15,0,0,1.52,0,0,0,100.26,87.38,91.17,98.88,0,0,93.67,0,0,0,95.98,86.03,85.45,93.64,0,0,89.4,0,0,0
150035,2013,2014,farnsky01,1976,2,15,0,18,86,4.35293023255814,6,159,105,0,189,0,7,0,0,0,8.81,16.67,2.86,3.7,0,0,0,0,0,0,0.21,-0.34,-0.9,-0.55,0,0,-0.43,0,0,0,0.29,0.2,0.51,0.37,0,0,0.38,0,0,0,7.96,5.09,0.85,5.09,0,0,5.87,0,0,0,-6.08,-7.98,2.32,-8.79,0,0,-1.87,0,0,0,97.72,91.6,89.14,97.06,0,0,94.64,0,0,0,95.09,89.51,85.66,92.09,0,0,89.77,0,0,0,5,10,1,28,115,4.14365217391304,46,127,92,0,196,0,127,0,0,0,6.3,10.87,5.43,5.1,0,0,4.72,0,0,0,0.21,-0.46,-0.98,-0.38,0,0,-0.55,0,0,0,0.49,0.39,0.15,0.3,0,0,0.27,0,0,0,8.08,5.39,-0.49,5.21,0,0,2.84,0,0,0,-6.35,-7.98,2.63,-8.88,0,0,1.43,0,0,0,97.38,92.9,88.72,97.26,0,0,92.69,0,0,0,94.97,89.27,84.64,92.65,0,0,87.21,0,0,0
150407,2011,2012,motagu01,1973,3,8,2,24,62,4.11112903225806,108,260,92,0,0,0,0,0,0,0,5,0,6.52,0,0,0,0,0,0,0,0.1,-0.94,-0.94,0,0,0,0,0,0,0,0.54,0.21,0.73,0,0,0,0,0,0,0,7.83,3.41,2.3,0,0,0,0,0,0,0,-7.69,-8.79,3.13,0,0,0,0,0,0,0,94.96,90.7,87.29,0,0,0,0,0,0,0,92.85,85.14,84.47,0,0,0,0,0,0,0,10,30,2,77,241,3.92126556016597,246,777,321,0,0,0,0,0,0,0,5.41,1.22,8.1,0,0,0,0,0,0,0,0.09,-1.04,-0.62,0,0,0,0,0,0,0,0.41,0.35,0.69,0,0,0,0,0,0,0,7.04,2.83,3.09,0,0,0,0,0,0,0,-8.35,-9.03,2.5,0,0,0,0,0,0,0,96.32,89.43,89.99,0,0,0,0,0,0,0,93.56,86.01,85.89,0,0,0,0,0,0,0
276514,2014,2015,greggke01,1978,3,5,0,14,32,5.5715,0,132,0,26,0,31,24,0,0,0,10.61,0,0,0,0,0,4.17,0,0,0,-0.3,0,0,0,-1.49,-1.45,-1.02,0,0,0,0.41,0,0,0,0.61,1,0.74,0,0,0,9.52,0,0,0,-1.9,4.85,6.62,0,0,0,-7.57,0,0,0,3.55,-7.51,-0.54,0,0,0,94.04,0,0,0,84.41,86.73,91,0,0,0,91.85,0,0,0,80.34,84.34,88.93,0,0,0,2,5,0,6,27,6.35422222222222,0,101,0,16,0,10,36,0,0,0,6.93,0,0,0,0,0,5.56,0,0,0,-0.21,0,0,0,-1.23,-1.36,-0.35,0,0,0,0.42,0,0,0,0.86,0.72,0.37,0,0,0,8.4,0,0,0,-3.11,2.35,5.93,0,0,0,-7.78,0,0,0,3.97,-6.57,0.39,0,0,0,94.36,0,0,0,80.42,83.93,90,0,0,0,91.35,0,0,0,78.96,82.13,86.34,0,0,0
400089,2010,2011,soriara01,1979,4,18,1,36,118,3.96567796610169,1,425,217,0,54,0,0,0,0,0,7.06,0,5.07,3.7,0,0,0,0,0,0,0.17,-0.63,-0.72,-0.26,0,0,0,0,0,0,0.4,1.39,0.4,0.87,0,0,0,0,0,0,9.24,2.8,-0.27,7.25,0,0,0,0,0,0,-1.72,-4.84,3.83,-7.55,0,0,0,0,0,0,96.76,88.77,87.07,97.94,0,0,0,0,0,0,92.89,88.77,81.91,93.89,0,0,0,0,0,0,4,14,1,57,187,2.80627272727273,1,674,205,0,78,0,0,0,0,0,7.12,0,7.8,1.28,0,0,0,0,0,0,0.14,1.03,-0.9,-0.09,0,0,0,0,0,0,0.31,2.12,0.37,1.01,0,0,0,0,0,0,9.54,5.45,1.45,8.05,0,0,0,0,0,0,-1.49,-6.48,3.81,-8.1,0,0,0,0,0,0,97.39,87.95,88.97,97.01,0,0,0,0,0,0,93.29,87.94,84.16,94.63,0,0,0,0,0,0
407819,2012,2013,thornma01,1976,4,15,2,30,130,4.04030769230769,0,455,36,129,82,3,0,0,0,0,4.4,0,2.78,4.88,3.88,0,0,0,0,0,0.1,0,-1.15,-0.17,-1.15,0.29,0,0,0,0,0.01,0,0.24,0.14,-0.03,1.44,0,0,0,0,8.9,0,3.9,8.95,-1.56,6.03,0,0,0,0,2.76,0,-0.43,7.27,-0.29,4.91,0,0,0,0,97.61,0,88.51,96.64,85.38,88.99,0,0,0,0,95.1,0,86.46,94.81,82.85,88.43,0,0,0,0,4,17,3,53,195,3.18730769230769,0,696,53,190,74,0,0,0,0,0,6.47,0,7.55,0,1.58,0,0,0,0,0,0.14,0,-0.43,-0.12,-1.06,0,0,0,0,0,0.11,0,0.01,-0.71,0.56,0,0,0,0,0,8.72,0,3.96,8.21,-2.26,0,0,0,0,0,2.48,0,0.4,7.48,-0.37,0,0,0,0,0,98.31,0,91.01,97.57,85.86,0,0,0,0,0,95.63,0,87.73,95.25,81.71,0,0,0,0,0
407819,2014,2015,thornma01,1976,2,11,1,23,124,3.52109677419355,0,414,0,103,0,59,2,0,0,0,4.83,0,0,0,3.88,8.47,0,0,0,0,0.14,0,0,0,-0.94,-1.24,0.79,0,0,0,0.09,0,0,0,0.99,0.04,-0.82,0,0,0,8.84,0,0,0,1.49,5.14,5.69,0,0,0,7.77,0,0,0,0.06,8.75,0.1,0,0,0,96.6,0,0,0,86.48,89.51,91.65,0,0,0,94.15,0,0,0,83.92,87.54,91.54,0,0,0,0,8,5,28,108,2.65977777777778,0,396,3,46,166,43,0,0,0,0,7.07,0,0,4.22,4.35,2.33,0,0,0,0,0.25,0,0.46,-0.18,-1.06,-0.69,0,0,0,0,0.25,0,1.12,0.15,0.76,0.48,0,0,0,0,9.95,0,3.11,8.87,-0.41,4.03,0,0,0,0,5.48,0,3.45,8.94,-0.24,7.36,0,0,0,0,98.15,0,90.27,98.69,86,91.62,0,0,0,0,96.13,0,89.79,96.1,83.85,90.06,0,0,0,0
407842,2013,2014,verasjo01,1980,6,27,3,50,138,4.61026086956522,113,503,0,228,0,0,0,0,0,0,8.35,1.77,0,0,3.95,0,0,0,0,0,-0.06,-0.51,0,0,-0.87,0,0,0,0,0,0.37,0.72,0,0,0.4,0,0,0,0,0,7.04,0.85,0,0,-5.62,0,0,0,0,0,-8.93,-8.75,0,0,10.1,0,0,0,0,0,96.17,87.41,0,0,80.07,0,0,0,0,0,93.74,84.31,0,0,76.79,0,0,0,0,0,6,22,4,60,188,3.62246808510638,161,598,0,358,0,0,0,0,0,0,8.03,0,0,0,3.63,0,0,0,0,0,-0.16,-0.6,0,0,-0.86,0,0,0,0,0,0.43,0.91,0,0,0.24,0,0,0,0,0,7.35,1.85,0,0,-5.69,0,0,0,0,0,-8.63,-8.71,0,0,9.67,0,0,0,0,0,97.34,87.64,0,0,80.43,0,0,0,0,0,94.37,84.71,0,0,77.74,0,0,0,0,0
407890,2014,2015,lewisco01,1979,26,42,11,142,614,4.17471661237785,187,1172,1127,251,436,0,0,0,0,0,6.83,4.81,4.7,1.83,4.38,0,0,0,0,0,-0.13,-0.54,-0.83,-0.35,-0.57,0,0,0,0,0,0.24,0.74,0.35,0.71,0.32,0,0,0,0,0,10.91,7.75,2.38,8.24,-4.21,0,0,0,0,0,-3.87,-7.09,2.58,-7.45,6.32,0,0,0,0,0,92.43,87.08,90.09,91.59,82.74,0,0,0,0,0,89.34,84.16,83.56,88.29,77.84,0,0,0,0,0,25,48,8,133,511,4.46468101761252,215,1441,640,233,365,0,0,0,0,0,5.69,1.86,6.25,2.47,5.15,0,0,0,0,0,-0.07,-0.63,-0.77,-0.37,-0.78,0,0,0,0,0,0.34,0.75,0.31,0.9,0.38,0,0,0,0,0,10.65,7.25,1.95,8.16,-5.79,0,0,0,0,0,-4.22,-7.68,2.05,-7.71,6.05,0,0,0,0,0,93.13,86.97,87.25,92.56,81.23,0,0,0,0,0,89.76,84.19,83.74,88.71,77.68,0,0,0,0,0
407911,2010,2011,francfr01,1979,7,18,0,53,152,3.79473684210526,0,594,1,88,0,171,0,0,0,0,6.23,0,0,0,5.68,4.09,0,0,0,0,0.01,0,0.8,0,-0.26,-0.59,0,0,0,0,0.37,0,1.42,0,0.22,0.46,0,0,0,0,11.5,0,5.14,0,-6.42,5.76,0,0,0,0,-3.82,0,2.59,0,4.41,-5.03,0,0,0,0,98.49,0,84.26,0,83.18,89.07,0,0,0,0,95.06,0,84.26,0,79.28,86.54,0,0,0,0,5,18,1,60,158,3.1169746835443,0,588,14,87,0,203,0,0,0,0,6.63,0,0,0,1.15,5.42,0,0,0,0,0.09,0,0.26,0,-1.06,-0.3,0,0,0,0,0.11,0,0.21,0,0.08,0.19,0,0,0,0,10.89,0,4.3,0,-6.21,5.1,0,0,0,0,-3.97,0,2.12,0,3.32,-4.77,0,0,0,0,97.55,0,87.21,0,83.87,89.15,0,0,0,0,94.59,0,85.38,0,80.14,86.49,0,0,0,0
407924,2011,2012,acostma01,1981,7,25,3,46,142,4.84852112676056,170,193,269,0,149,0,33,0,0,0,4.66,4.71,7.43,2.68,0,0,6.06,0,0,0,0.19,-0.33,-0.59,0,0,0,-0.02,0,0,0,0.44,0.58,0.49,0.23,0,0,0.8,0,0,0,10.44,6.88,0.81,8.71,0,0,7.88,0,0,0,-4.1,-5.09,1.79,-6.85,0,0,1.03,0,0,0,97.92,91.66,86.62,97.85,0,0,94.05,0,0,0,94.96,88.06,82.87,94.97,0,0,89.53,0,0,0,6,15,2,46,141,3.81223404255319,96,177,243,0,235,0,1,0,0,0,5.08,4.17,8.64,5.11,0,0,0,0,0,0,0.13,-0.57,-0.56,0.02,0,0,0.44,0,0,0,0.42,0.35,0.5,0.2,0,0,0.73,0,0,0,9.94,7.03,0.02,9.01,0,0,6.29,0,0,0,-3.04,-4.6,2.87,-6.02,0,0,-3.2,0,0,0,98.21,90.95,86.47,98.77,0,0,93.75,0,0,0,95.43,86.6,82.28,95.46,0,0,93.75,0,0,0
425647,2011,2012,carradj01,1977,2,0,1,3,11,9.36772727272727,5,13,0,11,14,0,17,0,0,0,0,0,0,7.14,18.18,0,5.88,0,0,0,-0.28,-1.2,0,-0.44,-0.86,0,-0.05,0,0,0,0.21,0.1,0,0.16,0.3,0,0.49,0,0,0,8.09,2.9,0,3.94,-3.89,0,3.4,0,0,0,-4.94,-5.47,0,-8.25,9.52,0,0.43,0,0,0,91.71,88.72,0,91.39,80.93,0,89.51,0,0,0,90.41,85.93,0,89.76,78.53,0,87.69,0,0,0,7,16,6,27,148,5.11283783783784,91,104,0,222,133,0,285,0,0,0,11.54,5.49,0,5.26,4.5,0,7.72,0,0,0,0.32,-0.48,0,-0.35,-0.7,0,0.02,0,0,0,0.26,0.34,0,0.29,0.36,0,0.21,0,0,0,8.01,-1.26,0,4.4,-2.86,0,4.1,0,0,0,-3.21,-5.96,0,-7.53,9.17,0,0.62,0,0,0,92.52,88.29,0,92.59,81.28,0,90.94,0,0,0,90.06,84.35,0,89.81,77.02,0,87.26,0,0,0
425657,2011,2012,lopezja02,1977,1,14,0,28,108,3.06722222222222,44,41,159,38,370,0,0,0,0,0,4.88,2.27,5.66,4.32,2.63,0,0,0,0,0,-0.46,-0.71,-0.94,-0.72,-1.46,0,0,0,0,0,0.03,0.57,0.67,0.32,0.86,0,0,0,0,0,6.25,0.95,3.52,-0.03,-1.46,0,0,0,0,0,9.21,10.87,1.81,10.69,-4.1,0,0,0,0,0,90.31,84.48,84.22,90.91,76.77,0,0,0,0,0,87.64,80.94,82.07,87.65,75.18,0,0,0,0,0,0,26,3,40,159,3.15707547169811,35,30,209,71,440,0,0,0,0,0,3.33,5.71,1.91,2.73,1.41,0,0,0,0,0,-0.49,-1.1,-0.93,-0.84,-1.3,0,0,0,0,0,0.31,0.24,0.43,0.4,0.82,0,0,0,0,0,6.18,1.88,3.13,-0.16,-1.72,0,0,0,0,0,9.52,11.36,2.51,11.14,-2.93,0,0,0,0,0,92.42,85.42,85.49,92.47,78.33,0,0,0,0,0,88.26,81.49,82.75,88.65,76.08,0,0,0,0,0
425657,2012,2013,lopezja02,1977,1,12,0,37,118,2.41240677966102,37,29,154,67,334,0,0,0,0,0,3.45,2.7,1.3,5.69,2.99,0,0,0,0,0,-0.48,-1.11,-1.02,-0.69,-1.22,0,0,0,0,0,-0.03,0.23,0.84,0.42,0.86,0,0,0,0,0,4.86,2.84,3.27,0.26,-1.23,0,0,0,0,0,10.34,11.9,1.61,11.1,-4.4,0,0,0,0,0,89.95,82.28,83.16,90.37,76.31,0,0,0,0,0,87.61,80.14,80.65,87.04,73.93,0,0,0,0,0,1,14,0,28,108,3.06722222222222,44,41,159,38,370,0,0,0,0,0,4.88,2.27,5.66,4.32,2.63,0,0,0,0,0,-0.46,-0.71,-0.94,-0.72,-1.46,0,0,0,0,0,0.03,0.57,0.67,0.32,0.86,0,0,0,0,0,6.25,0.95,3.52,-0.03,-1.46,0,0,0,0,0,9.21,10.87,1.81,10.69,-4.1,0,0,0,0,0,90.31,84.48,84.22,90.91,76.77,0,0,0,0,0,87.64,80.94,82.07,87.65,75.18,0,0,0,0,0
425747,2012,2013,contrjo01,1971,1,6,0,5,15,7.248,0,12,43,0,43,16,0,0,0,0,0,0,4.65,2.33,0,0,0,0,0,0,-0.51,0,-1.06,-0.92,0,-0.52,0,0,0,0,0.5,0,0.64,0.14,0,0.87,0,0,0,0,7.55,0,2.05,4.09,0,-2.05,0,0,0,0,-5.94,0,0.63,-9.3,0,-5.11,0,0,0,0,94.83,0,90.98,93.6,0,81.05,0,0,0,0,92.56,0,86.42,92.01,0,79.53,0,0,0,0,1,3,1,15,41,2.72914634146341,0,53,69,0,53,34,0,0,0,0,5.66,0,5.8,0,0,0,0,0,0,0,-0.38,0,-0.79,-0.49,0,-0.89,0,0,0,0,-0.13,0,0.2,-0.11,0,0.26,0,0,0,0,7.86,0,2,5.37,0,-1.89,0,0,0,0,-3.04,0,1.32,-7.68,0,-4.02,0,0,0,0,95.36,0,90.25,94.78,0,82.13,0,0,0,0,93.06,0,87.78,92.77,0,80.1,0,0,0,0
429719,2011,2012,jacksed01,1983,23,58,2,168,569,3.84895430579965,247,1430,917,130,260,0,137,0,0,0,6.36,3.24,3.71,3.85,2.31,0,5.11,0,0,0,-0.21,-0.95,-1.26,-0.43,-0.83,0,-0.21,0,0,0,0.15,0.83,0.29,0.38,0.4,0,0.26,0,0,0,8.7,6.97,1.32,6.72,-4.2,0,4.82,0,0,0,-4.21,-8.89,0.46,-7.42,2.01,0,-1.65,0,0,0,98.64,90.74,90.33,97.93,84.42,0,96.26,0,0,0,94.24,86.97,86.45,93.83,79.79,0,93.06,0,0,0,16,62,2,148,599,3.54586811352254,332,1590,1208,109,354,0,31,0,0,0,7.74,2.41,4.8,2.54,1.83,0,9.68,0,0,0,0.03,-0.69,-0.8,-0.25,-0.98,0,0.02,0,0,0,0.16,0.7,0.26,0.33,0.66,0,0.09,0,0,0,9.41,6.84,2.27,7.6,-3.25,0,6.55,0,0,0,-3.93,-8.07,0.05,-7.35,1.64,0,-1.92,0,0,0,99.1,91.87,91.92,99.32,85.94,0,97,0,0,0,95.07,87.3,87.87,94.87,81.03,0,94.88,0,0,0
429722,2011,2012,santaer01,1982,39,61,9,133,534,5.62870786516854,195,1732,1063,0,0,0,0,0,0,0,5.54,3.08,6.02,0,0,0,0,0,0,0,-0.1,-0.78,-0.85,0,0,0,0,0,0,0,0.26,0.73,0.24,0,0,0,0,0,0,0,8.04,6.61,1.16,0,0,0,0,0,0,0,-3.96,-4.17,3.7,0,0,0,0,0,0,0,96.68,89.47,87.99,0,0,0,0,0,0,0,92.34,85.81,83.32,0,0,0,0,0,0,0,26,72,8,178,686,3.99584548104956,100,2055,1342,0,0,0,0,0,0,0,6.08,6,4.92,0,0,0,0,0,0,0,-0.13,-0.59,-0.84,0,0,0,0,0,0,0,0.25,0.34,0.29,0,0,0,0,0,0,0,8.29,8.05,-0.02,0,0,0,0,0,0,0,-4.13,-6.2,4.29,0,0,0,0,0,0,0,98.46,90.74,88.91,0,0,0,0,0,0,0,93.44,86.66,82.82,0,0,0,0,0,0,0
430912,2014,2015,cainma01,1984,12,20,4,41,182,5.54059340659341,154,432,221,105,79,0,0,0,0,0,6.02,3.25,5.43,5.06,3.81,0,0,0,0,0,0.41,-0.67,-0.98,-0.4,-0.69,0,0,0,0,0,0.21,0.9,0.48,0.37,0.46,0,0,0,0,0,8.01,1.89,1.99,4.71,-4.97,0,0,0,0,0,-5.99,-7.4,1.53,-8.91,7.19,0,0,0,0,0,94.9,89.13,89.17,93.91,80.96,0,0,0,0,0,91.95,85.77,86.04,90.55,77.62,0,0,0,0,0,13,32,2,70,271,4.58218450184502,247,533,276,181,190,0,2,0,0,0,7.13,1.62,5.43,7.89,2.76,0,0,0,0,0,0.4,-1.02,-0.66,-0.33,-0.64,0,0.3,0,0,0,0.24,0.62,0.55,0.3,0.56,0,0.64,0,0,0,8.21,1.42,2.34,4.89,-5.25,0,7.61,0,0,0,-4.91,-6.97,1.86,-8.73,7.48,0,-1.1,0,0,0,95.59,88.7,89.91,95.02,80.91,0,93.13,0,0,0,92.49,86.16,86.87,91.82,78.2,0,91.96,0,0,0
433587,2012,2013,hernafe02,1986,15,46,3,216,613,2.60754323001631,737,636,362,442,1227,0,7,0,0,0,6.29,2.99,6.63,6.36,3.85,0,14.29,0,0,0,-0.02,-1.07,-0.73,-0.33,-0.8,0,-0.76,0,0,0,0.44,0.25,0.16,0.35,0.25,0,1.11,0,0,0,8.42,1.28,-1.63,6.14,-7.37,0,4.34,0,0,0,-2.4,-6.29,1.76,-7.55,6.14,0,-0.62,0,0,0,96.22,93.4,88.1,96.43,85.33,0,92.88,0,0,0,92.66,89.5,84.77,92.27,81.15,0,90.78,0,0,0,14,56,12,223,696,2.83637931034483,639,1031,472,399,934,0,21,0,0,0,6.69,2.19,7.84,4.71,6.27,0,0,0,0,0,0.03,-1.08,-0.63,-0.2,-0.71,0,-0.46,0,0,0,0.45,0.3,0.16,0.37,0.34,0,-0.29,0,0,0,7.75,1,-1.76,6.15,-7.89,0,2.58,0,0,0,-1.41,-4.88,1.97,-6.75,6.5,0,-0.28,0,0,0,96.39,93.5,89.68,95.99,85.19,0,88.72,0,0,0,92.89,89.06,85.54,92.19,81.94,0,86.58,0,0,0
434181,2011,2012,leagubr01,1983,1,33,1,54,216,3.19222222222222,0,0,115,0,741,250,0,0,0,0,0,0,4.35,6.75,0,0.8,0,0,0,0,0,0,-0.56,-0.38,0,-1.35,0,0,0,0,0,0,0.42,0.14,0,0.28,0,0,0,0,0,0,-0.06,4.65,0,1.07,0,0,0,0,0,0,0.1,-9.73,0,-5.67,0,0,0,0,0,0,89.75,98.76,0,89.14,0,0,0,0,0,0,86.85,95.93,0,86.8,0,0,0,0,3,10,2,45,184,2.7804347826087,0,0,59,0,707,272,0,0,0,0,0,0,0,7.07,0,2.21,0,0,0,0,0,0,-0.67,-0.38,0,-1.01,0,0,0,0,0,0,0.46,0.19,0,0.14,0,0,0,0,0,0,-0.85,4.83,0,0.27,0,0,0,0,0,0,-0.6,-10.24,0,-5.76,0,0,0,0,0,0,91.1,100.33,0,90.11,0,0,0,0,0,0,87.81,97.04,0,87.26,0,0,0,0
434442,2011,2012,howeljp01,1983,7,22,4,42,151,4.78374172185431,127,0,0,318,360,0,0,0,0,0,0,4.72,0,5.83,6.29,0,0,0,0,0,0,-0.83,0,0.06,-0.73,0,0,0,0,0,0,0.3,0,0.12,0.33,0,0,0,0,0,0,5.23,0,3.64,-4.84,0,0,0,0,0,0,9.97,0,11.66,-3.98,0,0,0,0,0,0,83.37,0,89.12,82.36,0,0,0,0,0,0,80.56,0,86.55,79.19,0,0,0,0,0,5,18,2,26,92,5.4054347826087,74,0,0,235,209,0,0,0,0,0,0,6.76,0,5.26,3.4,0,0,0,0,0,0,-0.44,0,-0.15,-0.9,0,0,0,0,0,0,-0.09,0,0.07,0.39,0,0,0,0,0,0,6.33,0,4.56,-4.47,0,0,0,0,0,0,9.55,0,11.2,-3.06,0,0,0,0,0,0,83.99,0,89.65,82.37,0,0,0,0,0,0,81.09,0,87.25,79.63,0,0,0,0,0
434578,2013,2014,saundjo01,1981,9,24,2,23,129,6.59711627906977,129,157,153,85,440,0,0,0,0,0,6.37,2.33,6.54,5.68,4.71,0,0,0,0,0,0.26,-0.98,-0.85,-0.36,-1.45,0,0,0,0,0,-0.44,0.61,0.28,0.29,0.23,0,0,0,0,0,10.17,6.19,1.89,7.46,-3.73,0,0,0,0,0,6.23,8.76,-0.51,9.68,-3.02,0,0,0,0,0,93.48,84.87,87.02,94.54,81.34,0,0,0,0,0,91.4,82.1,83.1,91.5,75.65,0,0,0,0,0,25,61,4,107,549,4.72013114754098,643,464,432,336,1317,0,0,0,0,0,6.03,1.71,5.56,6.15,4.76,0,0,0,0,0,0.07,-1.08,-0.96,-0.35,-0.97,0,0,0,0,0,-0.31,0.66,0.37,0.35,0.27,0,0,0,0,0,9.78,5.87,1.74,6.08,-3.66,0,0,0,0,0,6.16,9.13,-0.35,10.08,-3.22,0,0,0,0,0,94.71,86.04,88.15,94.35,80.92,0,0,0,0,0,90.42,82.45,82.52,90.25,75.63,0,0,0,0,0
434628,2012,2013,hammeja01,1982,22,48,8,96,418,4.92838277511962,186,782,482,242,602,0,0,0,0,0,5.24,3.23,7.26,5.81,5.37,0,0,0,0,0,0.38,-0.29,-0.51,0.03,-0.4,0,0,0,0,0,0.33,0.88,0.2,0.51,0.37,0,0,0,0,0,9.58,5.15,-1.06,7.52,-7.5,0,0,0,0,0,-4.39,-7.96,3.39,-7.68,7,0,0,0,0,0,96.85,89.73,90.06,96.42,81.99,0,0,0,0,0,93.85,86.97,85.51,93.67,78.19,0,0,0,0,0,9,42,2,113,354,3.28991525423729,151,604,468,227,661,0,0,0,0,0,5.79,1.32,4.91,4.84,3.08,0,0,0,0,0,0.26,-0.64,-0.9,-0.1,-0.67,0,0,0,0,0,0.32,0.86,0.33,0.52,0.42,0,0,0,0,0,9.73,5.28,-1.23,7.8,-7.7,0,0,0,0,0,-4.53,-8.64,3.54,-7.88,6.86,0,0,0,0,0,96.95,92,89.48,97.1,82.26,0,0,0,0,0,94.51,89.19,85.85,94.36,78.67,0,0,0,0,0
434678,2010,2011,davieky01,1983,7,26,5,50,184,4.3945652173913,199,415,0,231,286,0,264,0,0,0,6.99,4.52,0,5.24,3.46,0,4.55,0,0,0,-0.02,-0.54,0,-0.14,-0.85,0,-0.45,0,0,0,0.32,0.56,0,0.28,0.3,0,0.47,0,0,0,9.86,6.29,0,7.74,-6.16,0,5.58,0,0,0,-6.73,-10.11,0,-8.45,7.11,0,0.15,0,0,0,96.33,87.2,0,95.69,82.83,0,93.67,0,0,0,92.84,83.59,0,91.99,77.5,0,88.42,0,0,0,20,80,2,126,551,4.46194010889292,565,1440,0,399,88,0,815,0,0,0,6.39,4.6,0,5.68,4.01,0,4.29,0,0,0,0.04,-0.53,0,-0.15,-0.94,0,-0.29,0,0,0,0.26,0.56,0,0.34,0.43,0,0.32,0,0,0,11.27,7.64,0,8.77,-6.54,0,6.25,0,0,0,-4.74,-8.45,0,-7.15,5.44,0,1.01,0,0,0,96.35,87.04,0,95.33,85.03,0,93.58,0,0,0,92.76,83.06,0,92.53,78.7,0,89.03,0,0,0
435043,2013,2014,dukeza01,1983,3,17,0,74,176,2.14336363636364,23,52,178,286,422,0,26,0,0,0,1.92,8.7,7.87,5.21,2.1,0,7.69,0,0,0,-0.33,-1.22,-0.75,-0.74,-1.27,0,-0.67,0,0,0,0.5,0.6,0.54,0.31,0.45,0,0.32,0,0,0,7.23,2.4,4.38,1.53,-2.99,0,5.51,0,0,0,4.93,8.57,-0.64,10.58,-5.23,0,3.27,0,0,0,92.14,87.64,86.33,93.72,79.37,0,91.87,0,0,0,89.5,85.45,83.54,90.64,76.51,0,86.92,0,0,0,3,10,1,18,94,4.19693617021277,66,54,71,93,247,0,6,0,0,0,7.41,3.03,4.23,6.48,3.23,0,16.67,0,0,0,-0.47,-1.19,-1.05,-0.59,-1.24,0,-0.41,0,0,0,-0.05,0.32,0.47,0.19,0.57,0,-0.66,0,0,0,8.55,2.72,1.13,4.9,-4.33,0,5.87,0,0,0,5.71,9.37,-1.33,9.88,-5.19,0,2.19,0,0,0,91.99,87.88,85.72,92.83,78.92,0,91.09,0,0,0,89.01,84.16,81.09,89.84,75.3,0,88.96,0,0,0
441368,2010,2011,castial02,1975,0,7,1,6,35,4.05357142857143,16,34,73,0,53,0,0,0,0,0,2.94,6.25,5.48,5.66,0,0,0,0,0,0,0.32,-0.32,-0.58,-0.05,0,0,0,0,0,0,0.14,0.03,0.33,0.33,0,0,0,0,0,0,8.85,1.42,-0.02,5.61,0,0,0,0,0,0,8.31,11.69,-0.39,10.72,0,0,0,0,0,0,91.2,86.71,83.57,91.64,0,0,0,0,0,0,89.47,84.14,79.94,88.7,0,0,0,0,0,0,5,6,0,11,32,8.79775,19,86,83,0,11,0,0,0,0,0,4.65,10.53,4.82,0,0,0,0,0,0,0,0.19,-0.28,-0.5,-0.82,0,0,0,0,0,0,0.13,-0.32,0.48,0.66,0,0,0,0,0,0,8.28,-1.89,-1.24,3.7,0,0,0,0,0,0,8.88,11.81,-0.72,10.42,0,0,0,0,0,0,93.79,88.16,85.93,92.61,0,0,0,0,0,0,91.75,86.61,82.56,90.9,0,0,0,0,0,0
444857,2010,2011,feldmsc01,1983,3,10,2,22,96,3.99375,79,0,0,128,222,0,288,0,0,0,0,0,0,5.41,3.91,0,5.9,0,0,0,0,-0.97,0,-0.5,-1.01,0,-0.07,0,0,0,0,0.56,0,0.07,0.42,0,0.23,0,0,0,0,1.74,0,4.91,-3.09,0,4.87,0,0,0,0,-5.89,0,-7.96,8.05,0,-0.31,0,0,0,0,89.14,0,96.14,80.82,0,94.72,0,0,0,0,85.23,0,92.78,77.67,0,90.61,0,0,0,18,45,5,75,424,4.73466037735849,183,0,0,627,821,0,942,0,0,0,0,6.01,0,5.97,5.26,0,5.52,0,0,0,0,-0.61,0,-0.24,-0.8,0,0.04,0,0,0,0,0.54,0,0.04,0.35,0,0.15,0,0,0,0,5.84,0,6.19,-2.71,0,5.66,0,0,0,0,-7.53,0,-7.35,7.48,0,0.06,0,0,0,0,89.83,0,94.89,81.26,0,93.56,0,0,0,0,85.06,0,91.65,76.98,0,90.26,0,0,0
445001,2011,2012,cassebo01,1985,2,6,1,2,15,11.695,22,5,78,0,150,0,0,0,0,0,0,0,5.13,4.67,0,0,0,0,0,0,-0.64,-0.47,-0.89,0.03,0,0,0,0,0,0,1.06,0.87,0.21,0.24,0,0,0,0,0,0,9.68,1.49,2.16,6.99,0,0,0,0,0,0,-5.38,-4.38,0.95,-6.91,0,0,0,0,0,0,93.02,86.31,87.5,95.32,0,0,0,0,0,0,90.9,84.98,85.82,92.21,0,0,0,0,0,0,1,19,1,24,119,3.65525210084034,32,20,104,0,450,0,0,0,0,0,5,0,4.81,5.56,0,0,0,0,0,0,0.49,-0.48,-1.09,-0.04,0,0,0,0,0,0,0.21,0.85,0.69,0.25,0,0,0,0,0,0,8.51,1.2,1.95,5.67,0,0,0,0,0,0,-4.56,-5.2,0.92,-7.7,0,0,0,0,0,0,95.76,89.59,90.74,95.73,0,0,0,0,0,0,93.97,87.79,87.76,93.3,0,0,0,0,0,0
445156,2010,2011,marshse01,1982,1,17,2,79,227,1.86200440528634,0,207,413,488,108,0,0,0,0,0,7.25,0,7.75,3.7,7.17,0,0,0,0,0,0.42,0,-0.33,-0.35,-0.65,0,0,0,0,0,0.07,0,0.26,0.27,0.12,0,0,0,0,0,7.06,0,1.54,6.15,-6.04,0,0,0,0,0,3.01,0,-2.46,8.18,-9.19,0,0,0,0,0,95.09,0,90.36,94.54,82.71,0,0,0,0,0,91.94,0,86.49,92.1,78.2,0,0,0,0,0,3,25,2,90,224,2.27542857142857,4,249,385,512,99,0,2,0,0,0,6.43,0,7.27,5.05,5.86,0,0,0,0,0,0.29,-0.09,-0.27,-0.17,-0.68,0,-0.23,0,0,0,0.05,0.53,0.35,0.32,0.23,0,-0.49,0,0,0,7.14,3.71,1.81,6.16,-6.41,0,7.72,0,0,0,3.7,5.43,-2.29,8.04,-8.27,0,-2.19,0,0,0,94.03,88.16,92.45,93.69,82.32,0,90.81,0,0,0,91.33,85.13,86.2,90.36,77.73,0,89.84,0,0,0
446399,2010,2011,cecilbr01,1986,22,42,6,87,371,5.09508086253369,379,706,412,114,295,0,5,0,0,0,6.23,5.01,2.91,7.12,7.89,0,0,0,0,0,0.3,-0.67,-0.36,-0.02,-0.49,0,0.44,0,0,0,-0.09,0.27,-0.01,0.18,-0.01,0,-0.16,0,0,0,10.46,5.95,3.7,7.04,-2,0,7.34,0,0,0,4.05,7.76,1.48,7.53,1.28,0,-0.36,0,0,0,94.22,88.69,89.36,93.9,82.21,0,87.87,0,0,0,89.48,80.91,83.46,88.49,78.69,0,86.68,0,0,0,18,54,1,117,518,4.03459845559846,605,1007,397,160,347,0,182,0,0,0,5.56,3.31,4.28,6.34,5,0,3.3,0,0,0,0.2,-0.88,-0.34,-0.05,-0.52,0,-0.15,0,0,0,-0.02,0.42,0.15,0.41,0.18,0,0.02,0,0,0,9.68,4.88,3.08,6.9,-4.61,0,5.21,0,0,0,3.69,8.06,0.79,7.23,-0.53,0,1.12,0,0,0,96.17,88.9,92.5,94.49,83.66,0,91.85,0,0,0,90.96,81.91,84.65,89.89,77.26,0,87.36,0,0,0
448337,2011,2012,kinnejo01,1979,3,15,3,36,96,3.75125,0,0,288,68,204,0,0,0,0,0,0,0,7.99,3.43,5.88,0,0,0,0,0,0,0,-0.58,-0.48,-0.65,0,0,0,0,0,0,0,0.35,0.06,0.45,0,0,0,0,0,0,0,-0.45,3.35,-6.68,0,0,0,0,0,0,0,3.21,-9.72,8.13,0,0,0,0,0,0,0,87.05,94.53,82.34,0,0,0,0,0,0,0,83.29,91.47,78.74,0,0,0,0,0,1,7,2,20,53,3.025,0,4,127,37,135,0,0,0,0,0,25,0,7.09,2.22,0,0,0,0,0,0,0.2,0,-0.83,-0.23,-0.71,0,0,0,0,0,0.65,0,0.19,0.12,0.54,0,0,0,0,0,8.81,0,-0.71,4.28,-6.08,0,0,0,0,0,-5.81,0,3.12,-8.49,6.89,0,0,0,0,0,92.83,0,86.13,93.56,84.63,0,0,0,0,0,90.81,0,83.06,90.9,78.88,0,0,0,0,0
450172,2012,2013,volqued01,1983,19,77,3,142,511,4.23978082191781,656,219,0,782,1486,0,0,0,0,0,7.31,4.12,0,5.38,5.37,0,0,0,0,0,0.35,-0.77,0,-0.29,-0.64,0,0,0,0,0,0.27,0.36,0,0.39,0.27,0,0,0,0,0,8.04,1.7,0,6.43,-6.68,0,0,0,0,0,-4.17,-7.55,0,-7.89,6.22,0,0,0,0,0,96.68,89.05,0,97.73,85.41,0,0,0,0,0,93.74,84.25,0,93.62,80.24,0,0,0,0,0,14,105,9,174,548,4.05850364963504,853,899,0,812,774,0,0,0,0,0,7.9,5.63,0,4.78,4.68,0,0,0,0,0,-0.11,-0.87,0,-0.3,-0.69,0,0,0,0,0,0.42,0.32,0,0.35,0.29,0,0,0,0,0,8.43,1.81,0,6.59,-7.91,0,0,0,0,0,-4.74,-7.95,0,-7.7,6.08,0,0,0,0,0,98.68,89.1,0,98.48,85,0,0,0,0,0,94.76,84.71,0,94.83,80.43,0,0,0,0,0
450212,2010,2011,neshepa01,1980,4,22,1,20,74,6.30878378378378,79,0,212,0,210,0,0,0,0,0,0,5.06,8.02,4.76,0,0,0,0,0,0,0,-0.51,-0.31,-0.12,0,0,0,0,0,0,0,0.85,0.27,0.43,0,0,0,0,0,0,0,4.08,1.91,2.55,0,0,0,0,0,0,0,-9.67,-3,-10.38,0,0,0,0,0,0,0,80.87,88.68,91.22,0,0,0,0,0,0,0,72.88,83.98,87.16,0,0,0,0,0,0,1,8,1,9,27,5.52344444444445,6,0,113,0,78,0,0,0,0,0,0,16.67,7.08,5.13,0,0,0,0,0,0,0,-0.23,-0.25,0.04,0,0,0,0,0,0,0,0.59,0.43,0.26,0,0,0,0,0,0,0,3.88,3.07,3.78,0,0,0,0,0,0,0,-7.32,-0.17,-9.17,0,0,0,0,0,0,0,72.8,85.42,89.57,0,0,0,0,0,0,0,71.94,82.15,86.89,0,0,0,0,0,0
451584,2011,2012,daviswa01,1985,5,29,0,87,211,2.78220379146919,36,689,0,251,118,0,136,0,0,0,7.69,2.78,0,3.39,2.79,0,2.94,0,0,0,0.15,-1.29,0,-0.39,-0.91,0,-0.47,0,0,0,0.26,0.27,0,-0.36,0.27,0,0.51,0,0,0,11.15,5.99,0,6.59,-6.4,0,4.69,0,0,0,-3.23,-6.3,0,-7.25,4.49,0,3.07,0,0,0,98.43,89.61,0,96.89,86.62,0,93.8,0,0,0,94.42,86.14,0,92.55,81.81,0,89.99,0,0,0,23,63,8,105,552,4.66630434782609,50,1666,326,485,450,0,0,0,0,0,5.28,0,3.99,3.11,5.36,0,0,0,0,0,0.13,-0.8,-0.81,-0.6,-0.77,0,0,0,0,0,0.25,0.77,0.44,0,0.13,0,0,0,0,0,10.67,5.68,3.58,6.06,-6.71,0,0,0,0,0,-3.32,-6.85,3.49,-7.53,4.77,0,0,0,0,0,97.32,89.41,94.43,96.15,84.74,0,0,0,0,0,92.36,85.27,86.82,90.48,79.44,0,0,0,0,0
451585,2011,2012,demelsa01,1985,0,1,0,0,3,6.095,5,0,4,0,7,0,2,0,0,0,0,0,0,14.29,0,0,0,0,0,0,0,-1.59,-1.05,-0.64,0,0,0.49,0,0,0,0,0.51,0.53,-0.03,0,0,0.11,0,0,0,0,-0.26,-2.71,1.27,0,0,2.8,0,0,0,0,-3.09,3.53,-9.21,0,0,2.59,0,0,0,0,85.09,83.58,94.61,0,0,89.48,0,0,0,0,84.39,82.25,92.72,0,0,88.1,0,0,0,4,13,2,15,77,5.63538961038961,6,4,92,0,222,0,110,0,0,0,25,0,8.7,3.6,0,0,11.82,0,0,0,-0.86,-1.64,-0.75,-0.59,0,0,-0.38,0,0,0,0.43,0.58,0.31,0.23,0,0,0.37,0,0,0,7.2,0.8,-0.66,4.46,0,0,3.6,0,0,0,-4.71,-3.23,3.91,-6.54,0,0,0.82,0,0,0,92.3,86.33,85.77,94.69,0,0,91.87,0,0,0,91.75,84.75,83.39,92.14,0,0,89.79,0,0,0
452764,2011,2012,carpech02,1985,1,10,0,2,18,9.595,9,86,0,36,0,0,0,0,0,0,8.14,0,0,0,2.78,0,0,0,0,0,0.13,-0.09,0,0,-0.59,0,0,0,0,0,0.27,0.98,0,0,0.13,0,0,0,0,0,8.73,6.59,0,0,-4.11,0,0,0,0,0,-7.66,-6.67,0,0,3.2,0,0,0,0,0,97.8,90.12,0,0,88.86,0,0,0,0,0,94.91,87.1,0,0,85.71,0,0,0,0,0,1,7,0,8,29,4.88706896551724,0,170,74,0,0,0,0,0,0,0,4.71,0,4.05,0,0,0,0,0,0,0,0.25,0,-0.56,0,0,0,0,0,0,0,0.39,0,0.34,0,0,0,0,0,0,0,8.4,0,0.8,0,0,0,0,0,0,0,-7.4,0,0.15,0,0,0,0,0,0,0,100.96,0,92.69,0,0,0,0,0,0,0,97.57,0,89.06,0,0,0,0,0,0,0
453178,2014,2015,kenneia01,1984,31,52,7,174,505,4.51221782178218,416,1793,0,434,0,0,234,0,0,0,6.08,0.48,0,0,4.15,0,2.99,0,0,0,0,-1.19,0,0,-1.02,0,-0.94,0,0,0,0.4,0.22,0,0,0.12,0,0.73,0,0,0,10.08,5.93,0,0,-7.92,0,2.86,0,0,0,-6.53,-8.02,0,0,5.67,0,0.63,0,0,0,96.1,86.8,0,0,81.68,0,90.64,0,0,0,92.33,84.25,0,0,78.13,0,86,0,0,0,16,70,4,207,603,3.21160199004975,533,2260,0,604,40,0,290,0,0,0,6.33,2.25,0,5,4.3,0,3.79,0,0,0,0,-1.18,0,-0.17,-0.9,0,-0.8,0,0,0,0.42,0.4,0,0.7,0.31,0,0.71,0,0,0,9.92,5.98,0,7.56,-9.05,0,2.43,0,0,0,-7.24,-8.18,0,-12.71,5.86,0,0.32,0,0,0,96.51,87.27,0,95.52,82.18,0,88.84,0,0,0,92.51,83.97,0,92.37,78.2,0,85.34,0,0,0
453184,2013,2014,lincobr01,1985,1,0,1,2,7,8.27485714285714,0,22,0,20,3,6,0,0,0,0,9.09,0,0,0,5,0,0,0,0,0,0.26,0,0,-0.03,-0.94,-1.11,0,0,0,0,0.27,0,0,-1.14,0.37,0.95,0,0,0,0,7.59,0,0,3.63,-3.34,-0.24,0,0,0,0,-5.75,0,0,-9.13,7.15,-6.61,0,0,0,0,94.89,0,0,92.77,85.11,86.64,0,0,0,0,93.22,0,0,92.09,83.65,85.61,0,0,0,0,4,22,3,25,95,5.47957894736842,0,347,0,182,0,48,0,0,0,0,6.92,0,0,0,4.4,6.25,0,0,0,0,-0.11,0,0,0,-0.47,-0.66,0,0,0,0,0.32,0,0,0,0.16,0.59,0,0,0,0,8.33,0,0,0,-4.09,-0.48,0,0,0,0,-5.09,0,0,0,9.74,-5.52,0,0,0,0,96.09,0,0,0,86.76,88.35,0,0,0,0,93.87,0,0,0,83.07,85.67,0,0,0,0
453192,2010,2011,millean01,1985,8,41,3,50,195,5.11730769230769,187,702,287,0,48,0,0,0,0,0,5.98,4.81,3.48,2.08,0,0,0,0,0,0,0.13,-0.45,-0.68,-0.1,0,0,0,0,0,0,0.09,0.31,0.02,0.58,0,0,0,0,0,0,8.28,5.37,-5.28,5.15,0,0,0,0,0,0,5.03,5.63,-5.65,8.72,0,0,0,0,0,0,98.67,86.86,84.72,98.17,0,0,0,0,0,0,93.05,83.58,78.88,93.05,0,0,0,0,0,0,6,26,1,28,98,6.2320612244898,121,378,116,0,28,0,0,0,0,0,6.35,6.61,4.31,14.29,0,0,0,0,0,0,-0.02,-0.43,-0.64,-0.47,0,0,0,0,0,0,0.24,0.12,0.46,-0.07,0,0,0,0,0,0,8.75,7.99,-5.04,6.94,0,0,0,0,0,0,4.52,3.74,-4.83,10.71,0,0,0,0,0,0,95.71,88.02,81.79,94.33,0,0,0,0,0,0,91.82,83.9,78.35,92.45,0,0,0,0,0,0
453214,2014,2015,wrighst01,1984,12,27,1,52,218,5.00555963302752,0,35,0,0,86,0,0,1056,0,0,11.43,0,0,9.3,0,0,0,5.87,0,0,0.02,0,0,0.32,0,0,0,0.21,0,0,0.28,0,0,0.35,0,0,0,0.21,0,0,10.34,0,0,6.66,0,0,0,-0.18,0,0,-3.45,0,0,-6.82,0,0,0,0.06,0,0,89.31,0,0,88.78,0,0,0,80.61,0,0,86.42,0,0,83.37,0,0,0,74.33,0,0,2,4,0,22,63,2.84628571428571,1,21,0,0,31,0,0,293,0,0,9.52,0,0,3.23,0,0,0,5.8,0,0,0.49,-0.36,0,0,0,0,0,0.07,0,0,0.14,2.75,0,0.58,0,0,0,0.29,0,0,10.36,7.1,0,6.77,0,0,0,0.32,0,0,-2.42,-10.49,0,-6.66,0,0,0,0.63,0,0,87.53,76.85,0,85.22,0,0,0,79.44,0,0,85.43,76.85,0,83.36,0,0,0,74.35,0,0
453268,2012,2013,bardda01,1985,0,2,0,1,3,7.048,0,15,2,0,10,0,0,0,0,0,6.67,0,0,20,0,0,0,0,0,0,0.62,0,-1.77,-0.07,0,0,0,0,0,0,0.24,0,2.45,-0.35,0,0,0,0,0,0,7.47,0,-1.83,4.87,0,0,0,0,0,0,-1.09,0,8.58,-7.8,0,0,0,0,0,0,96.55,0,83.35,96.88,0,0,0,0,0,0,94.44,0,83.23,95.65,0,0,0,0,0,0,9,43,8,38,178,6.36466292134831,99,551,280,0,110,0,0,0,0,0,7.26,3.03,4.64,6.36,0,0,0,0,0,0,0.5,-0.1,-0.44,0.31,0,0,0,0,0,0,0.18,0.8,0.38,-0.3,0,0,0,0,0,0,6.17,0.08,-1,5.58,0,0,0,0,0,0,-1.32,-7.57,8.59,-6.92,0,0,0,0,0,0,98.08,91.94,86.37,99.28,0,0,0,0,0,0,93.6,87.3,81.03,94.09,0,0,0,0,0,0
453286,2011,2012,scherma01,1984,23,60,5,231,563,3.26551509769094,701,2116,629,59,36,0,0,0,0,0,7.04,2.28,4.93,2.78,8.47,0,0,0,0,0,-0.15,-0.83,-0.95,-0.24,-0.5,0,0,0,0,0,0.39,0.62,0.27,0.4,0.37,0,0,0,0,0,7.9,0.66,1.59,4.26,-2.3,0,0,0,0,0,-7.54,-9.4,1.5,-9.69,4.03,0,0,0,0,0,100.34,89.99,91.57,97.81,85.5,0,0,0,0,0,94.97,86.1,86.78,93.42,81.14,0,0,0,0,0,29,56,7,174,585,4.14294871794872,743,2223,656,0,0,0,0,0,0,0,7.38,1.35,5.18,0,0,0,0,0,0,0,-0.07,-0.84,-0.93,0,0,0,0,0,0,0,0.24,0.55,0.31,0,0,0,0,0,0,0,7.94,0.05,0.79,0,0,0,0,0,0,0,-6.85,-8.67,2.29,0,0,0,0,0,0,0,99.46,88.13,89.74,0,0,0,0,0,0,0,94.03,83.36,83.67,0,0,0,0,0,0,0
453343,2011,2012,melanma01,1985,8,12,3,41,135,4.58388888888889,0,233,0,183,62,35,221,0,0,0,7.3,0,0,3.23,7.65,5.71,5.88,0,0,0,-0.04,0,0,-0.16,-0.9,-0.81,-0.21,0,0,0,0.23,0,0,0.4,0.2,0.56,0.28,0,0,0,8.72,0,0,7.46,-7.77,8.17,6.91,0,0,0,-1.67,0,0,-5.06,2.36,-6.3,1.49,0,0,0,96.49,0,0,96.18,85.9,89.57,96.89,0,0,0,94.06,0,0,94.02,82.77,86.79,93.35,0,0,0,5,26,2,66,223,3.25369955156951,0,379,0,300,118,35,263,0,0,0,5.54,0,0,5.08,4.33,0,6.08,0,0,0,-0.09,0,0,-0.27,-1.12,-0.31,-0.08,0,0,0,0.25,0,0,0.55,0.2,0.56,0.23,0,0,0,8.43,0,0,7.44,-6.06,7.11,6.73,0,0,0,-2.54,0,0,-5.86,0.94,-6.6,0.45,0,0,0,96.78,0,0,95.94,86.7,88.53,96.54,0,0,0,93.71,0,0,93.71,83.67,85.31,93.28,0,0,0
453344,2013,2014,morrobr01,1984,2,18,0,30,100,3.732,0,345,139,20,19,94,0,0,0,0,4.93,0,8.63,0,5,1.06,0,0,0,0,0.05,0,-0.45,0.27,0.33,-0.84,0,0,0,0,0.42,0,0.18,0.85,1.05,0.57,0,0,0,0,9.92,0,1.71,8.45,-6.16,3.51,0,0,0,0,-4.05,0,2.47,-6.25,3.4,-6.53,0,0,0,0,100.71,0,93.1,97.85,82.83,88.2,0,0,0,0,95.11,0,87.83,95.42,79.54,84.81,0,0,0,0,12,18,1,42,163,5.42223312883436,0,517,233,26,0,131,0,0,0,0,6.96,0,9.01,0,0,0.76,0,0,0,0,-0.16,0,-0.54,0,-0.37,-0.39,0,0,0,0,0.29,0,0.17,0,0.19,0.73,0,0,0,0,9.9,0,2.8,0,-6.48,2.06,0,0,0,0,-4.55,0,2.4,0,3.83,-6.35,0,0,0,0,99.39,0,93.46,0,84.05,88.33,0,0,0,0,93.99,0,87.89,0,79.47,84.08,0,0,0,0
454535,2010,2011,henslcl01,1979,9,30,4,46,203,4.90184729064039,181,0,138,114,646,0,0,0,0,0,0,6.63,5.8,6.19,6.14,0,0,0,0,0,0,-0.38,-0.36,-0.02,-1.08,0,0,0,0,0,0,0.85,0.46,0.31,0.52,0,0,0,0,0,0,2.95,0.2,6.9,-7,0,0,0,0,0,0,-4.48,4.59,-6.73,9.29,0,0,0,0,0,0,85.4,84.87,93.19,74.2,0,0,0,0,0,0,81.51,79.92,87.42,69.73,0,0,0,0,0,3,29,4,77,225,2.86566666666667,266,0,86,247,571,0,0,0,0,0,0,2.63,4.65,4.38,0.81,0,0,0,0,0,0,-0.59,-0.86,-0.2,-0.95,0,0,0,0,0,0,0.76,0.44,0.42,0.59,0,0,0,0,0,0,2.02,0.27,6.3,-6.06,0,0,0,0,0,0,-4.97,4.99,-7.83,10.27,0,0,0,0,0,0,87.33,86.92,93.44,76.07,0,0,0,0,0,0,82.31,80.98,89.21,72.13,0,0,0,0,0
455009,2010,2011,broxtjo01,1984,2,9,0,10,38,5.63026315789474,5,174,85,0,11,0,0,0,0,0,5.75,0,4.71,0,0,0,0,0,0,0,0.2,-1.18,-0.72,-0.81,0,0,0,0,0,0,0.24,1.58,0.13,0.99,0,0,0,0,0,0,8.86,2.18,0.36,6,0,0,0,0,0,0,-2.52,-6.54,2.81,-8.15,0,0,0,0,0,0,99.4,89.68,90.54,95.82,0,0,0,0,0,0,94.99,88.82,87.12,93.52,0,0,0,0,0,0,4,28,2,73,187,3.01482887700535,8,833,255,0,4,0,0,0,0,0,6,0,10.2,0,0,0,0,0,0,0,0.06,-0.72,-0.75,-0.29,0,0,0,0,0,0,0.35,0.38,0.14,0.12,0,0,0,0,0,0,9.1,3.03,-0.1,4.25,0,0,0,0,0,0,-2.63,-3.99,3.28,-7.04,0,0,0,0,0,0,100.89,90.36,91.17,95.62,0,0,0,0,0,0,96.11,89.34,87.75,95.03,0,0,0,0,0,0
457711,2013,2014,osullse01,1987,3,2,0,7,38,5.57936842105263,34,83,41,9,25,0,0,0,0,0,4.82,5.88,4.88,8,0,0,0,0,0,0,-0.32,-0.99,-0.72,-0.27,-1.61,0,0,0,0,0,0.32,0.44,0.12,0.24,0.15,0,0,0,0,0,9.7,7.25,-1.65,7.76,-9.37,0,0,0,0,0,-5.73,-8.29,5.84,-7.67,4.28,0,0,0,0,0,95.94,82.75,82.57,92.37,74.33,0,0,0,0,0,91.83,78.83,78.8,90.45,71.5,0,0,0,0,0,0,14,1,12,75,3.888,80,256,96,50,44,0,34,0,0,0,7.42,6.25,5.21,2.27,6,0,5.88,0,0,0,-0.22,-0.32,-1.33,-0.52,-1.02,0,-0.46,0,0,0,0.46,0.62,0.51,0.1,0.29,0,0.13,0,0,0,9.68,7.56,-1.55,7.26,-7.62,0,3.3,0,0,0,-6.92,-7.77,3.91,-8.96,4.06,0,1.17,0,0,0,96.46,81.93,82.01,94.15,81.72,0,90.38,0,0,0,91.12,76.45,79.13,90.44,71.94,0,86.11,0,0,0
457915,2014,2015,guerrja01,1985,0,1,0,0,5,4.934,0,24,1,2,0,0,9,0,0,0,4.17,0,0,0,0,0,0,0,0,0,0.2,0,-0.55,0,-1.6,0,-0.24,0,0,0,0.06,0,0.33,0,-0.24,0,-0.21,0,0,0,11.57,0,4.89,0,-7.99,0,6.19,0,0,0,-2.85,0,1.21,0,4.97,0,0.38,0,0,0,95.2,0,85.4,0,79.44,0,92.62,0,0,0,93.35,0,85.4,0,78.19,0,89.81,0,0,0,3,20,5,38,139,3.95214388489209,31,445,36,128,11,0,127,0,0,0,5.17,0,0,9.09,7.03,0,6.3,0,0,0,0.09,-0.29,-0.65,-0.17,-0.16,0,-0.29,0,0,0,0.08,0.27,0.36,-0.05,0.14,0,-0.01,0,0,0,10.84,6.84,3,7.58,-7.33,0,5.98,0,0,0,-3.02,-5.42,1.86,-5.82,3.52,0,0.95,0,0,0,97.38,90.44,91.64,95.5,80.95,0,95.17,0,0,0,94.39,87.11,87.93,93.82,77.98,0,90.09,0,0,0
459967,2011,2012,lecursa01,1984,3,23,1,61,172,2.90313953488372,0,221,194,175,388,62,0,0,0,0,8.14,0,1.55,4.64,1.14,1.61,0,0,0,0,-0.04,0,-0.91,-0.14,-1.05,-0.85,0,0,0,0,0.25,0,0.48,0.36,0.74,0.83,0,0,0,0,9.81,0,1.51,6.6,-5.44,3.81,0,0,0,0,-4.49,0,2.8,-8.62,5.22,-6.02,0,0,0,0,93.99,0,84.37,94.21,77.62,84.05,0,0,0,0,90.62,0,80.84,90.47,74.63,82.06,0,0,0,0,10,21,4,73,233,3.78465665236051,0,408,271,88,375,96,0,0,0,0,4.41,0,6.64,4.8,10.23,5.21,0,0,0,0,0.17,0,-0.92,-0.09,-0.61,-0.43,0,0,0,0,0.13,0,0.47,0.3,0.66,0.64,0,0,0,0,9.6,0,1.04,6.36,-4.7,3.17,0,0,0,0,-4.77,0,3.13,-8.84,5.01,-6.73,0,0,0,0,95.1,0,83.77,94.79,78.12,87.88,0,0,0,0,91.26,0,80.52,91.26,74.62,82.29,0,0,0,0
459987,2012,2013,ramosce01,1984,6,22,2,53,202,3.70146534653465,172,109,113,113,528,0,0,0,0,0,1.83,5.81,1.77,4.17,3.54,0,0,0,0,0,-0.29,-0.61,-0.36,-0.34,-0.98,0,0,0,0,0,-0.09,0.45,0.72,0.01,0.19,0,0,0,0,0,10.21,7.54,3.52,7.84,-9.01,0,0,0,0,0,7.24,10.29,0.08,10.22,-5.18,0,0,0,0,0,95.31,88.04,88.7,94.99,73.88,0,0,0,0,0,92.41,85.31,84.73,92.01,71.02,0,0,0,0,0,2,10,2,29,90,3.22833333333333,39,128,32,61,168,0,0,0,0,0,7.03,5.13,6.25,3.57,1.64,0,0,0,0,0,-0.36,-0.05,-1.02,-0.52,-1.29,0,0,0,0,0,0.03,0.32,0.97,-0.02,0.11,0,0,0,0,0,10.79,7.37,4.37,8.3,-8.23,0,0,0,0,0,7.07,10.51,0.92,10.42,-4.41,0,0,0,0,0,94.85,88.34,88.17,95.6,75.91,0,0,0,0,0,92.31,85.88,84.38,92.18,72.74,0,0,0,0,0
460008,2014,2015,varvaan01,1984,0,6,0,8,33,3.31581818181818,38,114,0,45,0,0,0,0,0,0,4.39,5.26,0,0,0,0,0,0,0,0,0.04,-0.8,0,0,-0.34,0,0,0,0,0,0.19,0.25,0,0,-0.12,0,0,0,0,0,10.6,6.67,0,0,-5.84,0,0,0,0,0,-5.22,-6.61,0,0,4.76,0,0,0,0,0,95.38,87.11,0,0,82.75,0,0,0,0,0,91.95,85.17,0,0,79.84,0,0,0,0,0,5,13,0,50,164,3.20517073170732,141,528,0,224,0,0,0,0,0,0,6.44,4.26,0,0,4.91,0,0,0,0,0,0.16,-0.5,0,0,-0.87,0,0,0,0,0,0.12,0.06,0,0,0.13,0,0,0,0,0,9.53,5.66,0,0,-5.42,0,0,0,0,0,-5.15,-6.41,0,0,4.13,0,0,0,0,0,98.26,88.87,0,0,83.96,0,0,0,0,0,93.43,86.04,0,0,80.73,0,0,0,0,0
460069,2012,2013,romerri01,1984,2,8,1,5,22,8.91163636363637,19,125,0,7,11,0,0,0,0,0,8,5.26,0,0,0,0,0,0,0,0,-0.44,-1.04,0,-1.24,-1.58,0,0,0,0,0,0.18,-0.16,0,-0.23,0.74,0,0,0,0,0,6.45,1.91,0,4.26,-8.63,0,0,0,0,0,4.48,8.58,0,9.93,-4.43,0,0,0,0,0,94.3,83.51,0,91.18,76.55,0,0,0,0,0,89.6,80.44,0,88.4,74.71,0,0,0,0,0,21,105,10,124,543,5.13919889502762,545,1736,2,424,346,0,0,0,0,0,5.76,3.67,0,2.02,4.25,0,0,0,0,0,-0.15,-0.81,-0.66,-0.6,-1.08,0,0,0,0,0,0.01,0.36,0.37,0.26,0.25,0,0,0,0,0,6.45,0.35,2.37,3.36,-8.61,0,0,0,0,0,4,6.79,-1.3,8.49,-3.93,0,0,0,0,0,95.56,88.25,86.96,95.7,81.99,0,0,0,0,0,91.92,83.54,86.45,91.43,77.64,0,0,0,0,0
460092,2011,2012,lerouch01,1984,1,2,1,12,34,2.91852941176471,1,64,124,0,41,0,0,0,0,0,10.94,0,4.84,0,0,0,0,0,0,0,0.15,-1.42,-1.16,-0.58,0,0,0,0,0,0,0.09,1.17,0.28,0.48,0,0,0,0,0,0,5.44,0.14,-1.92,2.33,0,0,0,0,0,0,-3.55,-9.11,1.8,-8.31,0,0,0,0,0,0,94.7,85.98,85.14,93.88,0,0,0,0,0,0,92.03,85.98,82.77,92.07,0,0,0,0,0,0,0,7,1,24,75,2.065,13,199,147,0,83,0,0,0,0,0,6.53,0,4.76,1.2,0,0,0,0,0,0,0.05,-1.01,-0.85,-0.55,0,0,0,0,0,0,0.34,1.73,0.24,0.04,0,0,0,0,0,0,6.88,1.14,-2.04,2.46,0,0,0,0,0,0,-6.71,-7.93,1.85,-8.77,0,0,0,0,0,0,96.88,87.95,86.14,96.07,0,0,0,0,0,0,94.44,86.98,83.75,93.97,0,0,0,0,0,0
461325,2012,2013,clippty01,1985,9,24,4,73,213,3.82264788732394,336,702,0,74,0,9,59,0,0,0,6.41,4.17,0,0,1.35,0,11.86,0,0,0,0.54,-0.36,0,0,-0.07,-0.23,0.51,0,0,0,0.27,0.45,0,0,0.35,0.08,0.17,0,0,0,11.72,9.67,0,0,-4.55,-1.52,3.1,0,0,0,-2.07,-5.18,0,0,3.6,-1.53,2.11,0,0,0,95.9,85.51,0,0,81.57,83.73,87.08,0,0,0,92.91,80.81,0,0,76.61,82.74,85.15,0,0,0,7,29,2,84,218,3.31518348623853,475,699,0,26,0,0,139,0,0,0,6.58,3.16,0,0,3.85,0,2.16,0,0,0,0.37,-0.45,0,0,0.01,0,-0.24,0,0,0,0.33,0.38,0,0,-0.03,0,0.41,0,0,0,11.62,8.73,0,0,-4.74,0,4.07,0,0,0,-4.02,-6.73,0,0,4.11,0,1.15,0,0,0,96.51,84.6,0,0,79.52,0,89.17,0,0,0,93.56,81.56,0,0,77.93,0,85.99,0,0,0
461325,2013,2014,clippty01,1985,5,23,1,82,211,2.74811374407583,405,575,0,86,3,116,0,0,0,0,6.43,3.95,0,0,3.49,1.72,0,0,0,0,0.58,-0.62,0,0.56,-0.01,-0.27,0,0,0,0,0.35,0.26,0,0.24,0.04,0.22,0,0,0,0,10.87,9.51,0,9.49,-6.29,-1.54,0,0,0,0,-2.73,-6.3,0,-6.61,4.65,-1.66,0,0,0,0,96.4,84.15,0,92.53,78.62,85.69,0,0,0,0,92.64,81.04,0,91.69,76.07,83.23,0,0,0,0,9,24,4,73,213,3.82264788732394,336,702,0,74,0,9,59,0,0,0,6.41,4.17,0,0,1.35,0,11.86,0,0,0,0.54,-0.36,0,0,-0.07,-0.23,0.51,0,0,0,0.27,0.45,0,0,0.35,0.08,0.17,0,0,0,11.72,9.67,0,0,-4.55,-1.52,3.1,0,0,0,-2.07,-5.18,0,0,3.6,-1.53,2.11,0,0,0,95.9,85.51,0,0,81.57,83.73,87.08,0,0,0,92.91,80.81,0,0,76.61,82.74,85.15,0,0,0
461829,2011,2012,gonzagi01,1985,9,76,5,207,598,2.82409698996656,268,1338,0,715,1085,0,0,0,0,0,5.31,2.99,0,4.15,4.06,0,0,0,0,0,0.25,-1.12,0,-0.4,-0.88,0,0,0,0,0,0.24,0.23,0,0.56,0.1,0,0,0,0,0,9.69,4.22,0,6.48,-7.76,0,0,0,0,0,7.25,9.5,0,10.63,-5.04,0,0,0,0,0,97.41,89.88,0,96.9,83.93,0,0,0,0,0,94.15,85.5,0,93.39,80.45,0,0,0,0,0,17,91,8,197,606,3.63886138613861,268,1322,0,996,981,0,0,0,0,0,6.13,4.1,0,4.49,5.32,0,0,0,0,0,0.23,-0.93,0,-0.22,-0.89,0,0,0,0,0,0.23,0.31,0,0.55,0.12,0,0,0,0,0,9.26,4.07,0,5.9,-8.34,0,0,0,0,0,7.35,9.39,0,10.75,-5.19,0,0,0,0,0,97.71,88.94,0,96.59,85.14,0,0,0,0,0,93.8,84.75,0,93.11,81.02,0,0,0,0,0
461833,2011,2012,hugheph01,1986,35,46,6,165,574,4.56364111498258,346,2238,176,593,16,0,59,0,0,0,6.35,4.91,6.25,0,5.06,0,3.39,0,0,0,0.35,-0.64,-0.77,0.2,-0.76,0,-0.22,0,0,0,0.28,0.85,0.61,0.29,0.46,0,0.61,0,0,0,9.27,6.05,0.73,5.5,-8.74,0,5.98,0,0,0,-5.03,-8.17,4.08,-7.88,6.72,0,1.77,0,0,0,96.24,87.26,84.85,93.95,81.04,0,90.48,0,0,0,92.76,84.69,81.74,92.02,75.54,0,87.25,0,0,0,9,27,4,47,224,4.57857142857143,79,787,27,272,0,0,153,0,0,0,7.12,2.53,0,0,3.31,0,8.5,0,0,0,0.37,-0.29,-0.92,0,-0.99,0,-0.14,0,0,0,0.33,0.84,0.77,0,0.47,0,0.42,0,0,0,10.06,6.68,0.74,0,-6.74,0,7.48,0,0,0,-4.2,-7.27,4.12,0,6.66,0,0.84,0,0,0,96.13,87.72,84.19,0,80.07,0,91.61,0,0,0,92.12,84.73,80.94,0,75.16,0,87.76,0,0,0
462136,2012,2013,estrama01,1983,19,29,2,118,384,3.8605,495,1206,0,340,0,0,2,0,0,0,4.64,4.85,0,0,4.41,0,50,0,0,0,-0.11,-0.92,0,0,-0.88,0,-0.16,0,0,0,0.36,0.47,0,0,0.44,0,-0.12,0,0,0,12.03,9.11,0,0,-6.5,0,5.25,0,0,0,-3.53,-6.51,0,0,4.42,0,0.12,0,0,0,92.74,81.8,0,0,81.29,0,87.38,0,0,0,90,78.42,0,0,78.07,0,86.9,0,0,0,18,29,0,143,415,3.34801204819277,414,1322,0,515,60,0,17,0,0,0,5.52,2.66,0,1.67,6.02,0,11.76,0,0,0,-0.11,-1.02,0,-0.5,-0.99,0,-0.61,0,0,0,0.38,0.49,0,0.79,0.39,0,0.34,0,0,0,11.57,8.03,0,8.11,-4.43,0,6.57,0,0,0,-4.46,-7.65,0,-6.83,4.24,0,-1.59,0,0,0,93.93,81.36,0,92.44,83.47,0,90.9,0,0,0,90.89,78.37,0,90.55,79.88,0,88.31,0,0,0
462522,2010,2011,grayje02,1981,4,21,1,23,145,4.51465517241379,86,114,125,28,383,0,0,0,0,0,9.65,2.33,4,6.27,0,0,0,0,0,0,0.02,-0.93,-0.67,-0.31,-0.61,0,0,0,0,0,0.18,0.39,0.64,0.15,0.39,0,0,0,0,0,8.66,3.98,2.49,6.01,-6.13,0,0,0,0,0,-4.88,-7.07,0.61,-8.44,4.43,0,0,0,0,0,95.79,91.46,91.01,97.03,82.23,0,0,0,0,0,93.45,88.92,87.99,94.16,80.19,0,0,0,0,0,1,5,1,4,28,5.54328571428571,0,31,36,0,100,0,0,0,0,0,9.68,0,2.78,6,0,0,0,0,0,0,0.25,0,-0.63,-0.32,0,0,0,0,0,0,-0.01,0,0.28,0.14,0,0,0,0,0,0,8.83,0,2.42,6.44,0,0,0,0,0,0,-6.08,0,0.04,-8.92,0,0,0,0,0,0,96.21,0,88.58,95.66,0,0,0,0,0,0,92.77,0,86.09,93.4,0,0,0,0,0,0
462945,2014,2015,jimence01,1984,2,8,0,25,69,3.134,87,106,37,0,122,0,0,0,0,0,3.77,5.75,0,0.82,0,0,0,0,0,0,-0.09,-0.85,-0.68,-0.84,0,0,0,0,0,0,0.29,0.31,0.64,0.38,0,0,0,0,0,0,9.29,0.97,1.11,7.05,0,0,0,0,0,0,7.23,8.48,1.01,10.11,0,0,0,0,0,0,92.49,82.06,83.42,91.29,0,0,0,0,0,0,90.23,79.64,81.02,89.14,0,0,0,0,0,0,1,7,0,8,48,4.257,45,98,71,0,45,0,0,0,0,0,1.02,4.44,1.41,2.22,0,0,0,0,0,0,-0.28,-1.2,-0.94,-0.32,0,0,0,0,0,0,0.23,0.25,0.44,0.41,0,0,0,0,0,0,9.71,2.85,2.58,8.37,0,0,0,0,0,0,6.2,9.08,0.6,9.05,0,0,0,0,0,0,91.1,81.37,83.6,91.37,0,0,0,0,0,0,89.14,79.4,81.44,89.08,0,0,0,0,0,0
468504,2013,2014,chacijh01,1988,8,28,1,42,190,4.82147368421053,126,317,223,95,259,0,0,0,0,0,5.99,4.76,5.83,5.02,6.32,0,0,0,0,0,0.03,-0.63,-0.89,-0.45,-0.26,0,0,0,0,0,0.19,0.39,0.44,0.24,0.43,0,0,0,0,0,7.96,5.11,0.63,5.66,-3.86,0,0,0,0,0,-2.75,-3.28,6.78,-6.46,7.49,0,0,0,0,0,93.22,85.99,83.26,92.26,79.92,0,0,0,0,0,89.22,82,79.26,88.32,75.61,0,0,0,0,0,11,61,3,126,592,3.46860810810811,263,1011,722,107,844,0,0,0,0,0,6.73,4.18,6.37,4.86,5.61,0,0,0,0,0,-0.36,-0.3,-0.51,-0.57,-0.31,0,0,0,0,0,0.18,0.52,0.4,0.27,0.64,0,0,0,0,0,8.33,6.43,1.15,5.58,-3.67,0,0,0,0,0,-2.58,-4.1,7.17,-6.49,7.64,0,0,0,0,0,95.65,87.24,87.23,95.59,81.88,0,0,0,0,0,91.43,83.09,81.49,90.27,76.92,0,0,0,0,0
475243,2011,2012,woodtr01,1987,25,54,8,119,468,4.845,277,795,206,71,400,0,792,0,0,0,7.3,2.17,3.88,6,7.04,0,5.68,0,0,0,0.2,-0.8,-0.65,-0.06,-0.88,0,-0.07,0,0,0,0.15,0.58,0.41,0.57,0.22,0,-0.03,0,0,0,10.95,5.14,3.32,8.98,-4.79,0,6.96,0,0,0,4.75,9.92,-1.21,7.97,-2.2,0,0.1,0,0,0,94.6,86.81,84.75,94.53,78.82,0,91.83,0,0,0,90.56,80.44,80.48,89.59,74.96,0,87.67,0,0,0,10,40,4,76,318,4.0627358490566,280,755,72,108,268,0,325,0,0,0,6.76,5,4.17,8.96,2.78,0,4,0,0,0,0.15,-0.81,-0.68,-0.04,-0.62,0,-0.04,0,0,0,-0.02,0.32,1,0.35,-0.06,0,-0.2,0,0,0,11.11,5.21,2.51,9.16,-7.34,0,7.82,0,0,0,5.14,9.69,-1.34,8.47,-2.79,0,-0.12,0,0,0,95.49,84.1,87.28,93.2,78.57,0,91.97,0,0,0,91.27,79.26,83.53,90.25,74.61,0,88.68,0,0,0
475416,2012,2013,masteju01,1985,13,76,17,195,579,3.34851813471503,9,920,833,0,1342,0,0,0,0,0,7.07,0,6.12,4.4,0,0,0,0,0,0,0.12,-0.54,-0.39,-0.41,0,0,0,0,0,0,0.15,-0.14,0.46,0.12,0,0,0,0,0,0,5.18,-0.44,1.36,-0.88,0,0,0,0,0,0,-6.89,-7.64,7.6,-9.17,0,0,0,0,0,0,98.08,89.23,89.37,97.38,0,0,0,0,0,0,93.97,86.25,83.55,91.07,0,0,0,0,0,0,18,88,13,159,619,4.15638933764136,21,1234,657,0,1501,0,0,0,0,0,7.86,4.76,5.48,4.73,0,0,0,0,0,0,0.07,-0.17,-0.4,-0.53,0,0,0,0,0,0,0.26,0.18,0.44,0.2,0,0,0,0,0,0,5.19,0.84,0.93,-0.06,0,0,0,0,0,0,-6.37,-7.85,6.76,-9.37,0,0,0,0,0,0,97.93,88.75,89.87,97.68,0,0,0,0,0,0,93.64,86.62,83.19,91.88,0,0,0,0,0,0
476454,2014,2015,betande01,1988,6,40,3,131,252,2.4792380952381,0,679,0,713,0,0,0,0,0,0,5.01,0,0,0,4.21,0,0,0,0,0,0.15,0,0,0,-0.9,0,0,0,0,0,0.18,0,0,0,0.45,0,0,0,0,0,8.92,0,0,0,-2.86,0,0,0,0,0,-1.38,0,0,0,7.43,0,0,0,0,0,100.99,0,0,0,89.34,0,0,0,0,0,97.69,0,0,0,84.62,0,0,0,0,0,4,24,4,135,270,1.64311111111111,0,710,0,644,4,0,0,0,0,0,6.2,0,0,0,4.5,0,0,0,0,0,0.1,0,0,-1.44,-0.66,0,0,0,0,0,0.35,0,0,0.54,0.32,0,0,0,0,0,8.57,0,0,7.12,-3.79,0,0,0,0,0,-2.1,0,0,-6.57,7.02,0,0,0,0,0,101.32,0,0,97.95,88.69,0,0,0,0,0,97.58,0,0,97.5,83.85,0,0,0,0,0
477229,2010,2011,waldejo01,1987,3,26,1,67,181,2.79295580110497,31,911,179,0,0,0,0,0,0,0,6.26,3.23,3.91,0,0,0,0,0,0,0,-0.01,0.03,-1.51,0,0,0,0,0,0,0,0.55,1.01,0.57,0,0,0,0,0,0,0,9.77,4.67,0.15,0,0,0,0,0,0,0,-6.94,-8.34,3.5,0,0,0,0,0,0,0,101.5,90.44,89.16,0,0,0,0,0,0,0,98.36,88.38,84.55,0,0,0,0,0,0,0,1,7,0,23,46,2.29639130434783,1,213,60,0,0,0,0,0,0,0,5.63,0,3.33,0,0,0,0,0,0,0,-0.08,0.32,-1.18,0,0,0,0,0,0,0,0.58,1.13,0.9,0,0,0,0,0,0,0,8.94,5.59,0.15,0,0,0,0,0,0,0,-7.46,-7.16,3.07,0,0,0,0,0,0,0,102.19,87.29,90.04,0,0,0,0,0,0,0,99.63,87.29,86.16,0,0,0,0,0,0,0
489265,2011,2012,romose01,1983,5,10,3,63,166,2.69740963855422,49,214,588,0,150,0,0,0,0,0,7.94,0,4.93,2.67,0,0,0,0,0,0,0.13,-0.27,-0.6,-0.67,0,0,0,0,0,0,0.42,1.44,0.72,0.68,0,0,0,0,0,0,6.76,1.39,1.9,2.72,0,0,0,0,0,0,-7.59,-7.97,9.96,-10.04,0,0,0,0,0,0,91.12,84.77,82.43,90.34,0,0,0,0,0,0,89.23,83.14,78.7,88.2,0,0,0,0,0,0,2,5,0,70,144,0.9625,13,224,353,0,69,0,0,0,0,0,9.82,0,6.23,7.25,0,0,0,0,0,0,0.24,-1.11,-0.51,-0.55,0,0,0,0,0,0,0.51,0.88,0.61,0.3,0,0,0,0,0,0,7.66,6.43,2.56,2.67,0,0,0,0,0,0,-7.26,-10.81,9.22,-9.59,0,0,0,0,0,0,92.33,85.01,83.89,90.75,0,0,0,0,0,0,90.39,84.05,79.66,89.16,0,0,0,0,0,0
489294,2014,2015,schepta01,1987,6,23,2,32,115,5.45573913043478,26,117,176,28,314,0,0,0,0,0,5.13,11.54,6.25,4.78,0,0,0,0,0,0,0.04,-0.51,-0.59,-0.15,-1.4,0,0,0,0,0,0.21,0.7,0.34,0.13,0.61,0,0,0,0,0,9.97,4.93,-1.89,6.95,-3.3,0,0,0,0,0,-6.22,-9.02,5.49,-8.08,7.58,0,0,0,0,0,98.18,91.93,88.13,98.91,84.36,0,0,0,0,0,96.07,89.72,83.95,95.92,82.65,0,0,0,0,0,6,10,3,17,69,6.74069565217391,30,51,132,0,393,0,0,0,0,0,5.88,0,4.55,5.34,0,0,0,0,0,0,0.45,-1.34,-0.46,0.01,0,0,0,0,0,0,0.15,0.44,0.14,0.2,0,0,0,0,0,0,10.04,4.64,-1.7,7.04,0,0,0,0,0,0,-6.51,-10.44,4.68,-8.92,0,0,0,0,0,0,98.43,90.98,88.14,99.1,0,0,0,0,0,0,95.52,89.2,82.92,94.86,0,0,0,0,0,0
491159,2011,2012,thatcjo01,1981,2,14,3,39,95,3.06342105263158,2,0,175,0,0,0,465,0,0,0,0,0,0.57,0,0,0,7.96,0,0,0,0,-1.34,-1.05,0,0,0,-0.05,0,0,0,0,-0.55,0.63,0,0,0,0.29,0,0,0,0,4.79,2.43,0,0,0,3.86,0,0,0,0,0.61,-7.85,0,0,0,1.97,0,0,0,0,77.52,80.96,0,0,0,90.39,0,0,0,0,76.9,78.41,0,0,0,86.71,0,0,0,1,7,0,9,30,4.625,0,0,34,0,0,0,146,0,0,0,0,0,2.94,0,0,0,3.42,0,0,0,0,0,-0.98,0,0,0,-0.32,0,0,0,0,0,0.59,0,0,0,0.25,0,0,0,0,0,0.93,0,0,0,2.63,0,0,0,0,0,-7.3,0,0,0,1.84,0,0,0,0,0,80.15,0,0,0,89.21,0,0,0,0,0,77.93,0,0,0,86.18,0,0,0
491159,2012,2013,thatcjo01,1981,4,10,1,36,118,3.37850847457627,0,0,217,0,0,0,522,0,0,0,0,0,3.23,0,0,0,6.32,0,0,0,0,0,-0.93,0,0,0,-0.11,0,0,0,0,0,0.71,0,0,0,0.23,0,0,0,0,0,2.21,0,0,0,3.16,0,0,0,0,0,-7.12,0,0,0,1.51,0,0,0,0,0,81.5,0,0,0,89.06,0,0,0,0,0,79.36,0,0,0,86.66,0,0,0,2,14,3,39,95,3.06342105263158,2,0,175,0,0,0,465,0,0,0,0,0,0.57,0,0,0,7.96,0,0,0,0,-1.34,-1.05,0,0,0,-0.05,0,0,0,0,-0.55,0.63,0,0,0,0.29,0,0,0,0,4.79,2.43,0,0,0,3.86,0,0,0,0,0.61,-7.85,0,0,0,1.97,0,0,0,0,77.52,80.96,0,0,0,90.39,0,0,0,0,76.9,78.41,0,0,0,86.71,0,0,0
493133,2012,2013,kurodhi01,1975,20,43,5,150,604,3.56455629139073,0,219,809,103,1353,707,0,0,0,0,2.74,0,4.57,5.77,7.77,1.41,0,0,0,0,0.57,0,-0.45,-0.22,-0.23,-1.5,0,0,0,0,0.13,0,0.82,0.22,0.52,0.56,0,0,0,0,9.31,0,3.24,5.51,-3.29,1.59,0,0,0,0,-4.5,0,0.45,-8.5,3.4,-4.86,0,0,0,0,94.87,0,88.89,96.47,80.23,90.45,0,0,0,0,92.05,0,84.51,92.36,76.59,86.86,0,0,0,0,25,51,8,167,659,3.85979514415782,0,397,1070,169,1428,515,0,0,0,0,3.53,0,4.67,5.88,2.37,0.58,0,0,0,0,0.7,0,-0.35,-0.15,-0.52,-1.46,0,0,0,0,-0.22,0,0.86,0.15,0.72,0.68,0,0,0,0,9.47,0,3.32,5.25,-3.92,2.01,0,0,0,0,-4.43,0,1.29,-8.5,3.79,-4.62,0,0,0,0,95.05,0,91.06,96.29,81.28,91.06,0,0,0,0,92.14,0,84.3,92.58,76.94,86.75,0,0,0,0
500674,2011,2012,sanched01,1989,2,13,1,13,45,5.895,0,142,0,76,41,0,0,0,0,0,7.04,0,0,2.44,2.63,0,0,0,0,0,-0.13,0,0,-0.33,-0.83,0,0,0,0,0,0.31,0,0,0.38,0.52,0,0,0,0,0,7.94,0,0,3.83,-5.25,0,0,0,0,0,-3.48,0,0,-8.82,7.7,0,0,0,0,0,98.39,0,0,97.65,82.99,0,0,0,0,0,95.88,0,0,94.84,80.25,0,0,0,0,0,1,16,3,35,90,3.025,3,281,0,153,32,0,0,0,0,0,6.41,0,0,6.25,3.92,0,0,0,0,0,0.13,-1.21,0,-0.19,-0.75,0,0,0,0,0,0.16,-1.18,0,0.25,0.37,0,0,0,0,0,7.41,7.05,0,4.56,-4.01,0,0,0,0,0,-1.92,-4.05,0,-6.54,7.87,0,0,0,0,0,96.82,83.35,0,96.82,83.87,0,0,0,0,0,94.41,82.78,0,94.15,79.62,0,0,0,0,0
501925,2014,2015,smithjo05,1984,4,19,2,57,196,3.14930612244898,1,188,285,0,494,0,0,0,0,0,6.91,0,4.56,2.02,0,0,0,0,0,0,-0.13,-2.66,-0.63,-0.93,0,0,0,0,0,0,0.53,-1.7,0.73,-0.03,0,0,0,0,0,0,2.59,-1.08,3.17,-2.79,0,0,0,0,0,0,-10.12,-13.43,8.58,-9.54,0,0,0,0,0,0,92.09,79.65,83.31,91.13,0,0,0,0,0,0,89.66,79.65,80.29,88.6,0,0,0,0,0,0,4,15,6,68,224,2.85075,0,240,332,0,571,0,0,0,0,0,6.25,0,4.52,3.68,0,0,0,0,0,0,-0.14,0,-0.54,-0.78,0,0,0,0,0,0,0.38,0,0.63,-0.06,0,0,0,0,0,0,1.76,0,2.16,-3.53,0,0,0,0,0,0,-10.72,0,8.32,-9.98,0,0,0,0,0,0,92.21,0,83.24,91.83,0,0,0,0,0,0,90.32,0,81.04,89.11,0,0,0,0,0,0
502004,2012,2013,kontoge01,1985,7,18,2,47,166,4.07812048192771,17,257,394,0,164,0,54,0,0,0,5.84,0,3.81,2.44,0,0,9.26,0,0,0,0.34,-1.34,-0.46,0.14,0,0,-0.61,0,0,0,0.32,0.71,0.47,0.39,0,0,0.4,0,0,0,8.8,7.39,-0.67,5.87,0,0,3.37,0,0,0,-3.76,-8.27,4.47,-7.46,0,0,0.03,0,0,0,94.38,87.88,88.88,93.9,0,0,91.25,0,0,0,91.82,85.7,84.9,91.46,0,0,88.67,0,0,0,3,12,0,44,131,2.79729007633588,25,220,378,0,117,0,0,0,0,0,7.27,0,7.41,4.27,0,0,0,0,0,0,0.35,-0.74,-0.45,0.07,0,0,0,0,0,0,0.32,0.78,0.53,0.56,0,0,0,0,0,0,9.41,8.38,0.48,6.75,0,0,0,0,0,0,-3.48,-8.27,5.63,-7.28,0,0,0,0,0,0,93.74,88.48,87.51,94,0,0,0,0,0,0,91.81,85.89,84.77,91.76,0,0,0,0,0,0
502032,2013,2014,norribu01,1985,20,52,14,139,496,4.22070967741935,250,1376,773,0,394,0,122,0,0,0,5.96,3.6,6.47,1.78,0,0,6.56,0,0,0,-0.02,-0.8,-0.79,-0.32,0,0,-0.24,0,0,0,0.33,0.59,0.32,0.73,0,0,-0.14,0,0,0,10.21,4.15,0.77,8.64,0,0,4.24,0,0,0,-4.34,-8.08,3.14,-7.27,0,0,2.17,0,0,0,97.55,90.96,92.62,97.75,0,0,93.19,0,0,0,94.42,86.59,87.24,94.41,0,0,90.36,0,0,0,17,67,5,147,530,3.85743396226415,303,1253,914,26,411,0,108,0,0,0,5.99,3.3,5.36,3.16,0,0,15.74,0,0,0,0.01,-0.51,-0.71,-0.29,-0.24,0,0.07,0,0,0,0.39,0.81,0.31,0.74,1.04,0,-0.02,0,0,0,10.14,4.61,-0.08,8.26,-3.9,0,2.22,0,0,0,-4.46,-7.4,3.08,-7.5,3.68,0,2.23,0,0,0,97.14,89.72,89.63,96.91,84.51,0,90.62,0,0,0,93.54,86.11,84.99,93.3,80.11,0,88,0,0,0
502139,2013,2014,stinsjo01,1988,2,6,2,6,39,6.05507692307692,21,98,31,37,49,0,0,0,0,0,7.14,0,0,8.16,0,0,0,0,0,0,-0.27,-0.76,-0.72,-0.51,-1.24,0,0,0,0,0,0.39,0.78,0.49,0.7,0.34,0,0,0,0,0,10.04,2.21,4,6.32,-7.98,0,0,0,0,0,-5.04,-9.29,0.01,-8.54,7.16,0,0,0,0,0,96.28,89.77,92.11,94.73,80.68,0,0,0,0,0,93.59,86.88,89.53,92.83,78.98,0,0,0,0,0,4,3,1,12,51,5.40094117647059,32,115,56,30,33,0,0,0,0,0,6.96,6.25,1.79,0,6.67,0,0,0,0,0,0.08,-0.94,-0.51,-0.8,-0.41,0,0,0,0,0,0.46,0.76,0.62,0.72,0.64,0,0,0,0,0,9.45,1.56,2.89,5.26,-6.75,0,0,0,0,0,-4.5,-9.2,1.82,-8.07,8.41,0,0,0,0,0,96.76,88.67,90.41,94.53,81.47,0,0,0,0,0,93.97,86.7,88.3,92.4,79.16,0,0,0,0,0
502202,2014,2015,boxbebr01,1988,9,32,2,74,189,4.26098412698413,373,678,2,43,0,0,0,0,0,0,6.05,2.95,0,0,2.33,0,0,0,0,0,-0.15,-1.04,-0.69,0,-0.89,0,0,0,0,0,0.4,0.35,-1.27,0,-0.01,0,0,0,0,0,9.8,1.25,5.25,0,-7.99,0,0,0,0,0,-4.53,-8.78,2.21,0,2.09,0,0,0,0,0,96.99,83.63,88.87,0,81.72,0,0,0,0,0,93.67,80.76,87.69,0,78.83,0,0,0,0,0,9,20,4,104,194,2.83818556701031,346,679,20,3,2,0,0,0,0,0,5.74,4.05,10,0,0,0,0,0,0,0,0.06,-0.82,-0.77,-0.7,0.11,0,0,0,0,0,0.3,0.38,0.49,0.59,0.73,0,0,0,0,0,9.85,1.49,-0.41,8.78,-8.31,0,0,0,0,0,-3.69,-8.74,4.3,-8.58,4.12,0,0,0,0,0,96.85,84.18,87.96,96.05,79.3,0,0,0,0,0,94.1,80.9,84.25,95.79,77.44,0,0,0,0,0
502239,2010,2011,cahiltr01,1988,19,82,8,147,623,4.09883627608347,726,276,247,407,1720,0,0,0,0,0,5.07,5.65,6.48,5.35,3.19,0,0,0,0,0,0.06,-0.75,-0.64,-0.19,-0.92,0,0,0,0,0,0.33,0.37,0.6,0.36,0.38,0,0,0,0,0,6.84,0.04,1.14,2.35,-6.12,0,0,0,0,0,-7.73,-6.46,1.17,-9.74,6.11,0,0,0,0,0,94.57,88.14,90.37,94.21,85.12,0,0,0,0,0,90.97,81.42,84.15,89.95,79.65,0,0,0,0,0,19,63,6,118,590,4.18747457627119,570,308,139,388,1657,0,0,0,0,0,6.82,5.44,8.63,6.34,3.61,0,0,0,0,0,0.22,-0.66,-0.4,-0.26,-0.5,0,0,0,0,0,0.13,0.47,0.55,0.36,0.67,0,0,0,0,0,8.28,1.03,0.6,3.31,-6.2,0,0,0,0,0,-6.59,-6.56,1.25,-9.98,6.24,0,0,0,0,0,95.47,86.67,86.7,95.06,84.49,0,0,0,0,0,92.29,81.63,83.61,91.16,78.59,0,0,0,0,0
502272,2013,2014,fienca01,1983,7,10,0,51,190,3.432,0,515,0,69,3,0,405,0,0,0,6.02,0,0,0,5.8,0,5.43,0,0,0,0.12,0,0,-0.92,-0.53,0,-0.45,0,0,0,0.57,0,0,1.29,0.54,0,0.62,0,0,0,9.64,0,0,6.52,-1.9,0,4.57,0,0,0,-3.11,0,0,-7.72,5.74,0,0.26,0,0,0,96.65,0,0,94.11,81.9,0,93.25,0,0,0,94.07,0,0,93.06,79.69,0,88.81,0,0,0,9,12,0,73,186,3.16090322580645,0,430,0,73,41,0,409,0,0,0,7.67,0,0,2.44,10.96,0,6.11,0,0,0,0.28,0,0,-0.4,-0.37,0,-0.49,0,0,0,0.5,0,0,0.52,0.31,0,0.39,0,0,0,9.29,0,0,5.57,-1.31,0,4.52,0,0,0,-3.13,0,0,-7.4,5.23,0,0.89,0,0,0,95.9,0,0,92.23,81.33,0,91.34,0,0,0,92.14,0,0,89.73,78.9,0,86.85,0,0,0
502381,2013,2014,gregelu01,1984,6,15,1,59,217,3.24259907834101,66,31,482,8,430,0,0,0,0,0,3.23,1.52,5.39,4.42,0,0,0,0,0,0,0.44,-0.96,-0.88,-0.46,-0.08,0,0,0,0,0,0.28,0.57,0.41,0.34,0.07,0,0,0,0,0,6.08,1.53,0.69,1.6,-0.42,0,0,0,0,0,-3.04,-4.29,4.08,-5.66,3.86,0,0,0,0,0,91.31,81.01,84.82,91.92,75.1,0,0,0,0,0,89.91,77.76,81.99,89.35,72.96,0,0,0,0,0,3,18,4,64,199,2.70126633165829,78,73,568,17,288,0,0,0,0,0,5.48,0,5.28,4.86,0,0,0,0,0,0,-0.14,-0.62,-0.89,-0.5,-0.88,0,0,0,0,0,0.61,0.62,0.35,0.56,0.53,0,0,0,0,0,6.56,0.77,0.05,0.93,-2.08,0,0,0,0,0,-2.31,-4.08,3.24,-5.55,2.13,0,0,0,0,0,91.61,82.72,89.6,91.67,77.3,0,0,0,0,0,89.92,78.01,82.81,89.25,73.68,0,0,0,0,0
503449,2013,2014,peralwi01,1989,23,61,7,154,596,4.11354362416107,168,1104,946,0,1024,0,0,0,0,0,7.34,2.38,4.86,3.91,0,0,0,0,0,0,-0.14,-0.99,-0.9,-0.57,0,0,0,0,0,0,0.19,0.67,0.49,0.06,0,0,0,0,0,0,9.41,7.47,2.7,7.47,0,0,0,0,0,0,-4.31,-5.05,0.7,-6.88,0,0,0,0,0,0,99.98,90.61,91.51,99.7,0,0,0,0,0,0,96.48,85.01,86.38,96.68,0,0,0,0,0,0,19,73,7,129,550,4.29709090909091,205,977,820,0,1108,0,0,0,0,0,5.32,4.88,4.27,2.8,0,0,0,0,0,0,-0.12,-0.76,-1.05,-0.64,0,0,0,0,0,0,0.27,0.49,0.4,0.11,0,0,0,0,0,0,9.79,8.82,1.14,7.38,0,0,0,0,0,0,-2.48,-5.18,0.92,-6.8,0,0,0,0,0,0,100.15,89.26,91.41,99.57,0,0,0,0,0,0,95.43,85.07,85.41,95.69,0,0,0,0,0,0
516935,2014,2015,pimenst01,1990,1,3,0,7,34,3.83988235294118,0,49,0,0,64,52,0,0,0,0,4.08,0,0,3.13,0,7.69,0,0,0,0,0.3,0,0,-0.78,0,-0.5,0,0,0,0,0.05,0,0,-0.27,0,0.31,0,0,0,0,8.16,0,0,3.8,0,3.14,0,0,0,0,-6.51,0,0,-9.69,0,-0.2,0,0,0,0,97.44,0,0,95.41,0,92.37,0,0,0,0,94,0,0,93.17,0,88.64,0,0,0,0,5,16,2,38,98,4.44832653061225,0,268,0,0,33,286,0,0,0,0,8.21,0,0,0,0,5.24,0,0,0,0,0.23,0,0,-0.42,0,-0.74,0,0,0,0,0.19,0,0,0.57,0,0.32,0,0,0,0,8.75,0,0,6.79,0,2.41,0,0,0,0,-6.07,0,0,-8.52,0,-1.31,0,0,0,0,98.94,0,0,97.06,0,91.66,0,0,0,0,94.4,0,0,93.37,0,86.73,0,0,0,0
518603,2013,2014,defraju01,1987,4,12,3,49,158,3.11301265822785,38,162,359,0,253,0,1,0,0,0,8.02,5.26,4.46,7.51,0,0,0,0,0,0,0.12,-0.91,-1.04,-0.19,0,0,0.63,0,0,0,0.13,0.79,0.34,0.23,0,0,-0.57,0,0,0,7.58,2.01,-1.01,5.84,0,0,1.97,0,0,0,-6.18,-7.24,1.83,-8.13,0,0,0.99,0,0,0,95.22,87.19,85.5,94.75,0,0,90.6,0,0,0,92.67,84.93,82.17,92.11,0,0,90.6,0,0,0,3,25,5,42,140,4.01228571428571,16,258,304,0,227,0,18,0,0,0,6.2,0,2.63,7.93,0,0,16.67,0,0,0,0.23,-0.9,-1.15,-0.12,0,0,-0.27,0,0,0,-0.05,0.82,0.13,0.2,0,0,0.2,0,0,0,7.48,2.05,-1.62,5.87,0,0,5.93,0,0,0,-5.16,-7.44,2.04,-7.67,0,0,-0.36,0,0,0,96.92,87.9,86.8,97.37,0,0,93.67,0,0,0,94.01,86.62,83.98,94.05,0,0,92.37,0,0,0
518716,2011,2012,geedi01,1986,12,29,6,97,329,3.70594224924012,387,449,252,217,442,0,0,0,0,0,5.35,2.84,5.56,7.92,5.99,0,0,0,0,0,0.55,-0.89,-0.38,-0.21,-0.37,0,0,0,0,0,0.31,0.77,0.68,0.44,0.49,0,0,0,0,0,8.57,1.71,1.93,5.09,-8.14,0,0,0,0,0,-5.63,-9.1,2.04,-9.14,9.69,0,0,0,0,0,94.77,86.9,88.91,94.32,78.19,0,0,0,0,0,91.29,84.1,83.65,91.22,74.87,0,0,0,0,0,18,71,14,114,482,4.64948132780083,642,602,35,253,826,0,225,0,0,0,5.32,4.36,14.29,5.21,5.14,0,3.56,0,0,0,0.49,-0.74,-0.43,-0.18,-0.37,0,0.02,0,0,0,0.23,0.51,0.57,0.34,0.55,0,0.18,0,0,0,9.51,2.92,1.8,6.47,-7.27,0,5.09,0,0,0,-4.67,-9.01,2.7,-8.65,9.13,0,0.79,0,0,0,93.73,85.93,84.49,94.43,77.85,0,91.85,0,0,0,90.54,83.37,82.12,90.67,74.2,0,87.27,0,0,0
518886,2011,2012,kimbrcr01,1988,3,14,2,116,188,0.781170212765958,0,632,0,305,0,0,0,0,0,0,10.13,0,0,0,4.26,0,0,0,0,0,-0.04,0,0,0,-1.25,0,0,0,0,0,0.32,0,0,0,0.33,0,0,0,0,0,8.39,0,0,0,-6.61,0,0,0,0,0,-6.21,0,0,0,6.4,0,0,0,0,0,100.81,0,0,0,89.67,0,0,0,0,0,97.81,0,0,0,86.67,0,0,0,0,0,3,32,1,127,231,1.51850649350649,0,931,0,405,0,0,0,0,0,0,7.41,0,0,0,4.2,0,0,0,0,0,-0.06,0,0,0,-1.19,0,0,0,0,0,0.32,0,0,0,0.29,0,0,0,0,0,8.04,0,0,0,-5.93,0,0,0,0,0,-5.97,0,0,0,5,0,0,0,0,0,100.72,0,0,0,90.9,0,0,0,0,0,96.89,0,0,0,87.41,0,0,0,0,0
518927,2013,2014,layneto01,1984,0,8,1,14,57,3.07936842105263,0,32,28,0,104,0,128,0,0,0,9.38,0,3.57,6.73,0,0,4.69,0,0,0,0.41,0,-0.45,-0.41,0,0,-0.3,0,0,0,0.21,0,1.13,0.35,0,0,0.57,0,0,0,6.65,0,0.95,2.34,0,0,2.05,0,0,0,5.34,0,-6.74,10.86,0,0,0.71,0,0,0,92.89,0,82.59,92.81,0,0,89.23,0,0,0,91.13,0,80.91,90.53,0,0,86.43,0,0,0,1,5,2,6,26,5.58646153846154,2,12,49,6,121,0,93,0,0,0,16.67,0,4.08,4.96,0,0,1.08,0,0,0,0.12,0.32,-0.43,-0.36,-0.56,0,-0.33,0,0,0,0.37,1.32,0.44,0.46,-0.22,0,0.56,0,0,0,7.75,8.69,1.75,4.48,-8.51,0,2.89,0,0,0,1.87,6.95,-9.1,8.46,-2.91,0,-1.11,0,0,0,89.69,81.36,81.1,92.61,75.7,0,87.12,0,0,0,88.43,80.66,78.22,89.03,74.94,0,84.18,0,0,0
518927,2014,2015,layneto01,1984,3,27,2,45,143,3.88924475524476,44,116,71,4,385,0,172,0,0,0,4.31,2.27,0,4.16,0,0,6.98,0,0,0,0.07,-0.85,-0.48,-0.6,-0.05,0,-0.5,0,0,0,-0.22,0.93,1.04,0.09,0.33,0,0.3,0,0,0,7.3,2.85,1.8,3.42,-8.11,0,2.71,0,0,0,4.82,8.71,-5.78,11.1,-2.98,0,0.56,0,0,0,93.39,90.76,86.57,95.01,77.48,0,90.98,0,0,0,90.64,84.16,82.93,90.58,76.42,0,85.63,0,0,0,0,8,1,14,57,3.07936842105263,0,32,28,0,104,0,128,0,0,0,9.38,0,3.57,6.73,0,0,4.69,0,0,0,0.41,0,-0.45,-0.41,0,0,-0.3,0,0,0,0.21,0,1.13,0.35,0,0,0.57,0,0,0,6.65,0,0.95,2.34,0,0,2.05,0,0,0,5.34,0,-6.74,10.86,0,0,0.71,0,0,0,92.89,0,82.59,92.81,0,0,89.23,0,0,0,91.13,0,80.91,90.53,0,0,86.43,0,0,0
519096,2012,2013,oteroda01,1985,0,6,0,27,117,2.12492307692308,52,139,53,8,393,0,0,0,0,0,5.76,1.92,5.66,6.11,0,0,0,0,0,0,0.42,-0.89,-0.35,-0.44,-0.81,0,0,0,0,0,0.34,0.94,0.67,0.3,0.51,0,0,0,0,0,7.67,-0.83,0.05,2.9,-4.34,0,0,0,0,0,-6.04,-7.63,1.51,-9.92,4.89,0,0,0,0,0,94.23,85.79,85.65,94.3,79.5,0,0,0,0,0,91.6,83.86,82.91,91.16,77.76,0,0,0,0,0,0,2,2,8,37,2.77067567567568,12,93,54,6,86,0,0,0,0,0,8.6,0,5.56,8.14,0,0,0,0,0,0,0.18,-0.75,-0.63,-0.27,-0.57,0,0,0,0,0,0.36,0.84,0.55,0.1,0.19,0,0,0,0,0,7.75,2.3,0.78,3.92,-4.04,0,0,0,0,0,-5.49,-9.36,0.89,-9.89,4.47,0,0,0,0,0,94.04,85.91,86.17,94.25,78.27,0,0,0,0,0,90.78,83.74,83.37,90.72,77.76,0,0,0,0,0
519105,2011,2012,parkeja02,1988,11,63,3,140,544,3.43139705882353,686,1055,23,406,850,0,0,0,0,0,5.88,3.06,4.35,5.76,4.19,0,0,0,0,0,0.09,-0.53,-0.68,-0.44,-0.65,0,0,0,0,0,0.13,0.49,0.07,0.16,0.37,0,0,0,0,0,10.48,5.42,3.58,7.38,-1.4,0,0,0,0,0,-4.79,-7,1.44,-8.07,5.16,0,0,0,0,0,98.26,86.83,91.36,97.18,88.38,0,0,0,0,0,93.71,81.81,88.95,93.12,82.79,0,0,0,0,0,0,1,0,1,17,3.20147058823529,12,76,0,16,10,0,0,0,0,0,2.63,0,0,0,6.25,0,0,0,0,0,-0.02,-0.57,0,-0.32,-0.58,0,0,0,0,0,0.17,0.13,0,-0.07,0.34,0,0,0,0,0,10.06,4.46,0,8.11,-3.39,0,0,0,0,0,-6.25,-7.11,0,-8,5.3,0,0,0,0,0,97.02,83.09,0,95.07,83.52,0,0,0,0,0,93.57,81.72,0,93.07,78.98,0,0,0,0,0
519242,2014,2015,salech01,1989,23,42,13,274,626,2.73144408945687,915,1349,653,0,399,0,0,0,0,0,6.75,5.36,4.59,4.51,0,0,0,0,0,0,0.33,-0.73,-0.82,-0.48,0,0,0,0,0,0,0,0.44,0.19,0.43,0,0,0,0,0,0,6.27,2.57,-2.91,3.03,0,0,0,0,0,0,11.28,12.97,-5.52,12.43,0,0,0,0,0,0,99.41,92.14,86.01,98.29,0,0,0,0,0,0,95.64,86.38,79.48,93.37,0,0,0,0,0,0,13,39,11,208,522,2.57452873563218,802,1123,509,0,329,0,0,0,0,0,7.39,3.87,4.32,6.08,0,0,0,0,0,0,0.17,-0.74,-0.76,-0.27,0,0,0,0,0,0,0.01,0.44,0.18,0.24,0,0,0,0,0,0,6.67,3.42,-2.18,3.77,0,0,0,0,0,0,11.41,12.64,-5.34,12.35,0,0,0,0,0,0,98.57,89.61,84.87,98.21,0,0,0,0,0,0,94.89,85.37,80.33,93.42,0,0,0,0,0,0
519259,2010,2011,schleda01,1986,6,31,5,44,147,5.025,0,295,0,403,171,0,0,0,0,0,7.8,0,0,4.68,4.96,0,0,0,0,0,0.19,0,0,0.25,-0.77,0,0,0,0,0,0.1,0,0,-0.08,0.19,0,0,0,0,0,7.6,0,0,6.58,-6.03,0,0,0,0,0,9.27,0,0,10.27,-3.89,0,0,0,0,0,95.7,0,0,94.53,82.8,0,0,0,0,0,92,0,0,92.69,79.63,0,0,0,0,0,2,10,1,19,56,4.204,0,178,0,126,0,0,0,0,0,0,6.74,0,0,0,3.97,0,0,0,0,0,0.09,0,0,0,-0.9,0,0,0,0,0,0.28,0,0,0,0.13,0,0,0,0,0,6.78,0,0,0,-6.15,0,0,0,0,0,8.05,0,0,0,-4.44,0,0,0,0,0,95.03,0,0,0,83.64,0,0,0,0,0,92.91,0,0,0,81.51,0,0,0,0,0
523260,2013,2014,kellyjo05,1988,8,42,7,66,289,4.36729411764706,178,242,89,273,786,0,0,0,0,0,6.61,2.81,2.25,4.83,5.49,0,0,0,0,0,0.09,-0.87,-1.09,-0.24,-0.87,0,0,0,0,0,0.1,0.43,0.53,0.39,0.23,0,0,0,0,0,7.84,4.27,0.5,6.24,-8.44,0,0,0,0,0,-6.31,-9.54,2.36,-8.7,6.92,0,0,0,0,0,99.8,88.37,91.49,100.01,83.43,0,0,0,0,0,95.82,84.72,87.02,95.41,79.87,0,0,0,0,0,10,44,5,79,372,4.00767741935484,317,56,236,226,1463,0,0,0,0,0,3.57,2.21,2.97,7.79,2.65,0,0,0,0,0,-0.24,-0.81,-1.12,-0.25,-0.78,0,0,0,0,0,0.34,0.63,0.56,0.25,0.4,0,0,0,0,0,8.19,2.49,-2.39,5.26,-8.28,0,0,0,0,0,-5.8,-9.73,4.09,-8.16,7.58,0,0,0,0,0,99.47,89.31,88.74,100,82.76,0,0,0,0,0,96.2,85.56,84.15,95.64,78.94,0,0,0,0,0
523848,2013,2014,dominjo01,1990,2,3,1,8,19,6.60568421052632,6,88,36,0,0,0,0,0,0,0,3.41,0,11.11,0,0,0,0,0,0,0,-0.16,-0.49,-0.64,0,0,0,0,0,0,0,0.03,1.04,0.17,0,0,0,0,0,0,0,8.18,1.79,0.61,0,0,0,0,0,0,0,-3.72,-7.06,2.77,0,0,0,0,0,0,0,99.46,86.95,88.01,0,0,0,0,0,0,0,97.27,86.47,84.4,0,0,0,0,0,0,0,0,3,1,4,25,3.528,5,115,28,0,0,0,0,0,0,0,4.35,0,3.57,0,0,0,0,0,0,0,-0.43,-1.43,-0.57,0,0,0,0,0,0,0,0.14,1.14,0.09,0,0,0,0,0,0,0,8.81,2.76,0.24,0,0,0,0,0,0,0,-3.16,-6.36,3.87,0,0,0,0,0,0,0,101.07,88.02,87.76,0,0,0,0,0,0,0,99.17,87.22,84.28,0,0,0,0,0,0,0
527054,2014,2015,teherju01,1991,27,73,9,171,602,4.40476411960133,252,1382,744,251,627,0,0,0,0,0,5.14,4.76,3.63,4.94,4.78,0,0,0,0,0,0.26,-0.74,-1.05,-0.32,-0.55,0,0,0,0,0,0.45,0.73,0.45,0.58,0.55,0,0,0,0,0,8.22,4.48,0.46,4.68,-4.75,0,0,0,0,0,-5.22,-7.45,2.34,-8.79,6.46,0,0,0,0,0,96.48,87.1,85.66,95.4,77,0,0,0,0,0,92.33,83.37,81.4,91.29,72.71,0,0,0,0,0,22,51,4,186,663,3.48946606334842,283,1276,650,342,694,0,0,0,0,1,6.19,2.47,4.31,2.45,4.97,0,0,0,0,0,0.24,-0.35,-0.82,-0.38,-0.64,0,0,0,0,0.05,0.29,0.72,0.31,0.62,0.33,0,0,0,0,0.51,8.53,5.51,1.66,4.61,-4.89,0,0,0,0,7.39,-4.2,-6.65,1.72,-8.7,6.3,0,0,0,0,-1.62,95.59,88.07,85.68,94.28,78.23,0,0,0,0,64.57,92.24,82.27,82.08,89.53,74.01,0,0,0,0,64.57
538227,2011,2012,takahhi01,1975,8,14,0,52,151,3.92943708609272,178,356,150,52,107,0,14,0,0,0,10.11,2.81,4.67,6.54,3.85,0,7.14,0,0,0,-0.4,-0.99,-1.18,-0.78,-0.9,0,-0.48,0,0,0,0.48,0.31,0.7,0.33,0.42,0,-0.68,0,0,0,10.07,5.41,1.9,8.11,-5.04,0,5.97,0,0,0,6.74,10.57,-4.28,9.52,-5.67,0,-0.58,0,0,0,91.9,83.92,83.11,91.49,71.79,0,85.45,0,0,0,89.52,81.29,79.24,88.94,67.13,0,82.54,0,0,0,7,25,0,52,204,3.93676470588235,285,429,195,41,128,0,20,0,0,0,5.13,3.51,3.59,3.13,2.44,0,10,0,0,0,-0.3,-0.99,-0.9,-0.62,-0.74,0,-0.59,0,0,0,0.6,0.3,0.58,0.47,0.63,0,-0.5,0,0,0,10.27,4.88,2.43,7.86,-5.62,0,5.65,0,0,0,7.4,10.68,-3.09,9.6,-5.28,0,1.17,0,0,0,92.05,83.36,83.36,91.75,71.41,0,86.6,0,0,0,89.76,80.61,80.05,89.04,67.79,0,83.81,0,0,0
542914,2011,2012,bassan01,1987,10,39,1,80,291,4.02283505154639,249,717,508,0,160,0,0,0,0,0,6,6.43,4.53,4.38,0,0,0,0,0,0,-0.15,-0.56,-0.82,-0.28,0,0,0,0,0,0,0.52,0.5,0.45,0.18,0,0,0,0,0,0,9.35,6.01,1.94,7.45,0,0,0,0,0,0,-1.74,-4.88,2.37,-6.21,0,0,0,0,0,0,98.69,88.32,91.17,96.47,0,0,0,0,0,0,93.22,84.38,85.85,92.7,0,0,0,0,0,0,3,21,1,24,145,4.20431034482759,92,557,308,0,6,0,0,0,0,0,5.39,5.43,4.87,0,0,0,0,0,0,0,-0.36,-0.72,-0.71,-0.46,0,0,0,0,0,0,0.45,0.38,0.49,0.55,0,0,0,0,0,0,9.1,4.98,1.2,6.96,0,0,0,0,0,0,-2.37,-5.38,2.13,-6.96,0,0,0,0,0,0,98.08,88.39,89.68,94.57,0,0,0,0,0,0,93.97,84.58,85.3,92.86,0,0,0,0,0,0
543155,2012,2013,fifest01,1986,7,20,5,45,175,4.35085714285714,0,456,0,270,25,0,195,0,0,0,4.17,0,0,4,10,0,9.23,0,0,0,0.12,0,0,-0.03,-0.38,0,-0.37,0,0,0,0.32,0,0,0.32,0.3,0,0.23,0,0,0,6.22,0,0,5.37,-6.96,0,2.94,0,0,0,-0.01,0,0,-4.77,5.72,0,-0.31,0,0,0,94.05,0,0,92.81,82.29,0,92.54,0,0,0,90.17,0,0,89.9,78.5,0,85.85,0,0,0,2,12,2,20,80,4.145,0,165,0,94,64,0,98,0,0,0,6.67,0,0,4.69,6.38,0,6.12,0,0,0,0.14,0,0,-0.17,-0.95,0,-0.11,0,0,0,0.31,0,0,0.15,0.39,0,0.53,0,0,0,5.3,0,0,4.13,-7.51,0,1.87,0,0,0,-0.91,0,0,-5.04,5.05,0,0.91,0,0,0,93.44,0,0,92.98,82.31,0,88.41,0,0,0,89.86,0,0,89.51,79.03,0,84.71,0,0,0
543506,2013,2014,maurebr01,1990,6,19,0,55,209,3.49085167464115,154,545,344,60,87,0,0,0,0,0,5.87,1.95,6.4,8.05,5,0,0,0,0,0,-0.24,-0.78,-0.68,-0.22,-0.23,0,0,0,0,0,0.23,0.55,0.31,0.35,0.15,0,0,0,0,0,10.42,6.78,3.66,6.87,-9.7,0,0,0,0,0,-5.4,-8.42,1.52,-8.91,6.85,0,0,0,0,0,100.3,89.89,95.37,98.22,79.37,0,0,0,0,0,95.32,85.82,90,91.72,75.14,0,0,0,0,0,16,27,6,70,270,4.90355555555556,154,518,513,192,366,0,0,0,0,0,4.63,1.95,4.87,3.01,2.6,0,0,0,0,0,0.03,-0.85,-0.62,-0.36,-0.78,0,0,0,0,0,0.28,0.63,0.43,0.44,0.64,0,0,0,0,0,9.52,5.8,0.72,6.01,-10.12,0,0,0,0,0,-6.29,-9.34,1.77,-8.69,8.2,0,0,0,0,0,99.61,88.86,91.2,97.48,81.07,0,0,0,0,0,94.3,85.37,87.17,92.38,75.75,0,0,0,0,0
543507,2014,2015,maytr01,1989,11,26,4,110,344,3.24737209302326,349,889,94,292,217,0,0,0,0,0,8.21,6.59,3.19,4.15,3.77,0,0,0,0,0,0.19,-0.5,-0.48,-0.48,-0.93,0,0,0,0,0,0.14,0.33,0.58,0.52,0.31,0,0,0,0,0,9.7,8.34,0.78,6.87,-5.81,0,0,0,0,0,-4.3,-5.54,3.01,-7.68,7.79,0,0,0,0,0,98.56,89.87,89.68,96.4,81.68,0,0,0,0,0,94.1,86.05,85.22,92.59,78.17,0,0,0,0,0,7,22,2,44,137,4.77433576642336,137,469,84,112,36,0,0,0,0,0,7.46,2.92,2.38,8.33,1.79,0,0,0,0,0,-0.03,-0.6,-0.72,-0.8,-1.13,0,0,0,0,0,0.15,0.32,0.21,0.37,0.17,0,0,0,0,0,10.23,9.72,-2.34,7.68,-6.22,0,0,0,0,0,-3.03,-4.98,4.08,-6.5,7.53,0,0,0,0,0,95.9,87.59,86.33,94.51,81.68,0,0,0,0,0,93.08,84.31,82.97,92.08,77.75,0,0,0,0,0
543725,2012,2013,rosenbj01,1985,0,9,0,19,59,2.4886779661017,0,145,73,40,71,17,0,0,0,0,7.59,0,5.48,4.23,0,0,0,0,0,0,0.12,0,-1.03,-0.64,-1.43,-1.07,0,0,0,0,0.06,0,0.08,0.22,-0.13,0.64,0,0,0,0,9.9,0,-1.1,6.75,-5.95,2.18,0,0,0,0,-4.66,0,3.18,-8.87,6.13,-8.82,0,0,0,0,97.97,0,87.44,96.43,82.29,87.5,0,0,0,0,95.25,0,85.34,94.34,79.9,85.76,0,0,0,0,4,14,2,24,75,5.175,19,204,78,0,82,27,0,0,0,0,5.39,5.26,2.56,2.44,0,3.7,0,0,0,0,0.1,-0.33,-0.55,0.1,0,-0.85,0,0,0,0,0.23,1.29,0.27,0.53,0,0.39,0,0,0,0,9.92,3,-0.26,7.44,0,4.67,0,0,0,0,-5.61,-9.73,3.44,-8.18,0,-9.17,0,0,0,0,98.68,87.29,89.19,98.09,0,90.89,0,0,0,0,96.23,84.99,85.92,95.66,0,88.68,0,0,0,0
543883,2013,2014,vinceni01,1986,5,11,2,62,165,2.76836363636364,30,347,0,0,74,0,530,0,0,0,8.36,0,0,1.35,0,0,5.09,0,0,0,0.09,-1.14,0,-0.18,0,0,-0.41,0,0,0,0.4,1.02,0,0.73,0,0,0.52,0,0,0,9.44,2.42,0,6.76,0,0,5.18,0,0,0,-4.92,-9.75,0,-7.94,0,0,1.4,0,0,0,92.62,86.58,0,92.86,0,0,91.21,0,0,0,90.65,84.46,0,90.69,0,0,87.84,0,0,0,1,11,2,49,139,2.05519424460432,32,185,0,0,44,0,439,0,0,0,10.27,3.13,0,0,0,0,6.15,0,0,0,0.28,-0.62,0,-0.35,0,0,-0.21,0,0,0,0.34,1.21,0,0.75,0,0,0.35,0,0,0,8.86,1.99,0,6.7,0,0,4.67,0,0,0,-3.89,-9.67,0,-8.3,0,0,2.16,0,0,0,93.44,86.28,0,92.78,0,0,90.45,0,0,0,91.11,84.51,0,90.84,0,0,88.13,0,0,0
544725,2014,2015,garcile02,1991,0,0,1,1,3,4.134,1,10,3,0,9,0,0,0,0,0,0,0,0,0,0,0,0,0,0,0,0.76,1.77,-2.44,0.29,0,0,0,0,0,0,0.73,-2.29,2.6,0.77,0,0,0,0,0,0,7.72,5.15,2.08,4.57,0,0,0,0,0,0,-3.92,-5.36,2.12,-7.27,0,0,0,0,0,0,88.59,81.66,76.35,87.46,0,0,0,0,0,0,87.07,81.66,75.76,85.83,0,0,0,0,0,0,0,2,0,0,3,9.132,6,13,0,0,6,0,0,0,0,0,0,0,0,0,0,0,0,0,0,0,1.54,-0.1,0,0.01,0,0,0,0,0,0,0.84,0.2,0,0.65,0,0,0,0,0,0,8.5,6.6,0,3.51,0,0,0,0,0,0,-5.28,-5.43,0,-8.94,0,0,0,0,0,0,89.16,78.55,0,87.45,0,0,0,0,0,0,85.7,77.12,0,85.28,0,0,0,0,0,0
544759,2014,2015,schulbo02,1985,7,14,1,31,129,4.85493023255814,4,381,85,0,0,0,164,0,0,0,6.56,25,3.53,0,0,0,6.1,0,0,0,-0.19,-0.81,-1.09,0,0,0,-0.49,0,0,0,0.36,0.93,0.27,0,0,0,0.03,0,0,0,8.64,4.05,-0.48,0,0,0,4.2,0,0,0,-7.65,-6.28,1.53,0,0,0,-0.86,0,0,0,99.68,88.95,90.19,0,0,0,95.3,0,0,0,96.52,87.98,86.58,0,0,0,92.06,0,0,0,1,1,0,5,24,3.882,13,25,26,0,52,0,0,0,0,0,4,0,0,11.54,0,0,0,0,0,0,-0.02,-0.39,-1.11,0,0,0,0,0,0,0,0.62,0.56,0.4,0.24,0,0,0,0,0,0,8.79,2.7,-0.45,7.81,0,0,0,0,0,0,-6.35,-5.01,1.12,-7.23,0,0,0,0,0,0,98.43,86.83,87.87,98.34,0,0,0,0,0,0,96.24,85.48,85.77,95.89,0,0,0,0,0,0
554431,2014,2015,matzety01,1990,2,19,3,15,66,5.95218181818182,78,133,187,0,0,0,0,0,0,0,7.52,5.13,6.42,0,0,0,0,0,0,0,-0.19,-0.5,-0.89,0,0,0,0,0,0,0,0.42,0.31,0.14,0,0,0,0,0,0,0,10.1,8.49,-0.3,0,0,0,0,0,0,0,3.83,8.94,-1.59,0,0,0,0,0,0,0,96.15,91.74,87.35,0,0,0,0,0,0,0,92.31,89.59,83.58,0,0,0,0,0,0,0,9,44,3,91,353,3.77789235127479,188,996,600,0,0,0,0,0,0,0,7.63,2.13,4.67,0,0,0,0,0,0,0,-0.07,-0.7,-0.86,0,0,0,0,0,0,0,-0.12,0.36,0.07,0,0,0,0,0,0,0,9.64,8.19,-1.36,0,0,0,0,0,0,0,3.77,8.97,-1.53,0,0,0,0,0,0,0,96.77,91.59,87.65,0,0,0,0,0,0,0,93.16,89.06,83.37,0,0,0,0,0,0,0
571057,2014,2015,garcefr01,1990,9,22,1,30,114,6.44978947368421,87,375,209,0,0,0,0,0,0,0,6.67,2.3,1.44,0,0,0,0,0,0,0,-0.2,-1.23,-0.99,0,0,0,0,0,0,0,0.42,0.24,0.57,0,0,0,0,0,0,0,7.87,6.57,-3.56,0,0,0,0,0,0,0,6.45,8.79,-4.99,0,0,0,0,0,0,0,95.14,88.07,82.43,0,0,0,0,0,0,0,91.68,83.45,77.52,0,0,0,0,0,0,0,1,1,1,10,27,3.02088888888889,11,77,48,0,0,0,0,0,0,0,2.6,18.18,2.08,0,0,0,0,0,0,0,0.09,-0.96,-1.1,0,0,0,0,0,0,0,0.59,0.48,0.73,0,0,0,0,0,0,0,8.06,7.84,-4.19,0,0,0,0,0,0,0,6.65,8.17,-4.8,0,0,0,0,0,0,0,94.76,84.16,81.21,0,0,0,0,0,0,0,92.33,82.78,77.95,0,0,0,0,0,0,0
573109,2013,2014,ramosaj01,1986,1,43,3,73,192,3.210125,179,486,223,73,39,0,71,0,0,0,6.79,2.23,2.24,2.56,2.74,0,4.23,0,0,0,-0.16,-0.77,-0.89,-0.4,-1.08,0,0.1,0,0,0,0.35,0.97,0.4,0.23,0.36,0,0.21,0,0,0,8.28,-0.6,-4.73,5.35,-7.02,0,6.47,0,0,0,-0.77,-6.24,5.78,-7.27,6.66,0,1.18,0,0,0,96.96,88.64,84.5,94.83,82.45,0,95.1,0,0,0,92.38,84.66,81.04,92.42,78.83,0,91.47,0,0,0,4,43,2,86,240,3.2355,188,761,283,79,5,0,15,0,0,0,6.18,1.6,3.53,0,3.8,0,20,0,0,0,-0.18,-0.78,-0.93,-0.25,-0.76,0,-0.09,0,0,0,0.34,1.06,0.38,1.11,0.46,0,0.14,0,0,0,8.81,-0.06,-3.61,4.37,-8.67,0,5.27,0,0,0,-2,-7.5,5.02,-7.6,6.42,0,1.37,0,0,0,98.7,88.89,85.64,95.18,82.52,0,93.97,0,0,0,94.22,85.63,82.48,94.39,78.32,0,91.7,0,0,0
594798,2014,2015,degroja01,1988,16,38,2,205,573,2.70468062827225,433,1533,525,360,538,0,0,0,0,0,7.05,2.31,4,3.35,2.78,0,0,0,0,0,0.27,-0.99,-0.77,-0.17,-1.43,0,0,0,0,0,0.41,0.41,0.48,0.54,0.32,0,0,0,0,0,9.47,3.97,4.58,7.06,-2.2,0,0,0,0,0,-4.64,-7.18,0.67,-7.87,4.31,0,0,0,0,0,99.03,91.44,93.43,98.86,85.88,0,0,0,0,0,95.81,86.24,90.26,95.49,82.17,0,0,0,0,0,7,43,1,144,421,2.66881710213777,265,992,370,220,376,0,0,0,0,0,7.46,4.53,2.7,5.59,1.82,0,0,0,0,0,0.03,-0.87,-1.01,-0.46,-1.05,0,0,0,0,0,0.36,0.51,0.46,0.15,0.48,0,0,0,0,0,9.28,3.84,3.35,6.79,-1.82,0,0,0,0,0,-3.73,-6.62,1.52,-7.57,4.48,0,0,0,0,0,97.93,88.21,91.47,97.53,84.69,0,0,0,0,0,94.49,84.69,87.72,94.15,80.25,0,0,0,0,0
595014,2014,2015,treinbl01,1988,4,32,2,65,203,3.48867980295566,6,141,301,0,556,0,0,0,0,0,4.26,0,3.99,6.65,0,0,0,0,0,0,0.1,-1.34,-1.13,-0.29,0,0,0,0,0,0,0.05,0.84,0.21,0.08,0,0,0,0,0,0,7.7,4.01,-2.49,3.46,0,0,0,0,0,0,-6.25,-9.4,2.45,-9.76,0,0,0,0,0,0,99.68,92.66,91.49,101.92,0,0,0,0,0,0,96.87,89.47,87.55,97.09,0,0,0,0,0,0,1,13,2,30,152,3.09252631578947,46,57,104,0,523,0,0,0,0,0,5.26,4.35,10.58,6.12,0,0,0,0,0,0,-0.02,-0.65,-0.43,-0.37,0,0,0,0,0,0,0.11,0.36,0.19,0.17,0,0,0,0,0,0,7.81,2.22,-3.66,3.23,0,0,0,0,0,0,-6.34,-7.92,4.27,-9.76,0,0,0,0,0,0,98.87,88.49,88.96,99.77,0,0,0,0,0,0,95.9,86.1,84.91,95.7,0,0,0,0,0,0
607706,2013,2014,rothmi01,1990,2,9,3,9,37,6.69956756756757,76,48,30,8,75,0,0,0,0,0,6.25,6.58,3.33,8,0,0,0,0,0,0,0.16,-0.32,-0.97,-0.23,-1.24,0,0,0,0,0,0.03,0.58,1.12,0.28,-0.54,0,0,0,0,0,8.08,3.08,-1.18,2.61,-5.29,0,0,0,0,0,7.52,10.72,-2.48,11.78,-5.56,0,0,0,0,0,88.96,80.97,79.24,87.72,70.7,0,0,0,0,0,86.36,78.46,75.69,85.51,68.92,0,0,0,0,0,0,6,1,17,60,2.398,70,110,35,7,180,0,43,0,0,0,6.36,2.86,11.43,4.44,0,0,2.33,0,0,0,0.04,-0.58,-0.2,-0.2,0.96,0,-0.4,0,0,0,0.02,0.49,0.81,0.36,1.28,0,0.71,0,0,0,8.45,4.19,2,5.33,-5.63,0,4.07,0,0,0,6.11,9.57,-1.86,10,-5.93,0,-0.17,0,0,0,92.41,86.44,84.03,92.62,76.94,0,88.61,0,0,0,87.83,80.19,80.22,88.9,72.24,0,84.05,0,0,0
